##FastQC	0.11.9
>>Basic Statistics	pass
#Measure	Value
Filename	ES_430_2.fq.gz
File type	Conventional base calls
Encoding	Sanger / Illumina 1.9
Total Sequences	178096978
Sequences flagged as poor quality	0
Sequence length	101
%GC	38
>>END_MODULE
>>Per base sequence quality	pass
#Base	Mean	Median	Lower Quartile	Upper Quartile	10th Percentile	90th Percentile
1	31.831665223426757	33.0	31.0	34.0	30.0	34.0
2	32.026009469964166	34.0	31.0	34.0	30.0	34.0
3	32.064282443916596	34.0	31.0	34.0	30.0	34.0
4	35.461023134261154	37.0	35.0	37.0	33.0	37.0
5	35.428993977651885	37.0	35.0	37.0	33.0	37.0
6	35.45027091925164	37.0	35.0	37.0	33.0	37.0
7	35.384856968207515	37.0	35.0	37.0	33.0	37.0
8	35.39566489443746	37.0	35.0	37.0	33.0	37.0
9	37.00669097260033	39.0	37.0	39.0	33.0	39.0
10-11	37.023138343200856	39.0	37.0	39.0	33.0	39.0
12-13	37.00384668514701	39.0	37.0	39.0	33.0	39.0
14-15	38.33520670406884	40.0	38.0	41.0	33.0	41.0
16-17	38.28708278531262	40.0	38.0	41.0	33.0	41.0
18-19	38.212511177477694	40.0	38.0	41.0	33.0	41.0
20-21	38.180209714170445	40.0	38.0	41.0	33.0	41.0
22-23	38.10506493546454	40.0	38.0	41.0	33.0	41.0
24-25	37.998544388552176	40.0	38.0	41.0	33.0	41.0
26-27	37.87321997962256	40.0	38.0	41.0	33.0	41.0
28-29	37.69976459117683	40.0	38.0	41.0	32.0	41.0
30-31	37.62051052320495	40.0	38.0	41.0	32.0	41.0
32-33	37.65350406731775	40.0	38.0	41.0	32.0	41.0
34-35	37.59182886303663	40.0	38.0	41.0	32.0	41.0
36-37	37.48798792363563	40.0	38.0	41.0	31.0	41.0
38-39	37.363891385063255	40.0	37.0	41.0	31.0	41.0
40-41	37.26189663925685	40.0	37.0	41.0	31.0	41.0
42-43	37.10419951651285	40.0	37.0	41.0	30.5	41.0
44-45	36.97723299662053	40.0	37.0	41.0	30.0	41.0
46-47	36.83628239329249	40.0	36.5	41.0	30.0	41.0
48-49	36.62175134437149	40.0	36.0	41.0	30.0	41.0
50-51	35.982316488267415	39.0	35.5	40.5	29.0	41.0
52-53	35.96713612962034	39.0	35.0	40.0	29.0	41.0
54-55	36.18992490147699	39.0	35.0	41.0	29.0	41.0
56-57	36.05757653001838	39.0	35.0	41.0	28.5	41.0
58-59	35.76794591932941	39.0	35.0	41.0	28.0	41.0
60-61	35.54177134044352	38.5	35.0	40.5	28.0	41.0
62-63	35.32042996821653	38.0	34.0	40.0	27.5	41.0
64-65	35.26376500616423	38.0	34.5	40.0	28.0	41.0
66-67	35.06510911993128	37.5	34.0	40.0	28.0	41.0
68-69	34.75237328002275	37.0	34.0	40.0	27.0	41.0
70-71	34.40884155822116	36.5	34.0	39.5	26.0	41.0
72-73	33.98554610511134	36.0	34.0	39.0	26.0	41.0
74-75	33.660861207875186	36.0	34.0	39.0	26.0	41.0
76-77	33.25523479404575	35.0	33.0	38.5	25.5	40.0
78-79	32.92066458309023	35.0	33.0	37.0	25.0	39.5
80-81	32.565380031322036	35.0	33.0	37.0	25.0	39.0
82-83	32.172323642684155	35.0	32.5	36.5	24.0	39.0
84-85	31.767230954923896	35.0	32.0	36.0	22.5	37.5
86-87	31.364280397840325	35.0	32.0	36.0	20.5	37.0
88-89	31.01787197646891	35.0	31.0	35.0	20.0	37.0
90-91	30.7134029865459	35.0	31.0	35.0	18.5	36.0
92-93	30.468319706693734	34.0	31.0	35.0	17.5	36.0
94-95	30.19849671171849	34.0	31.0	35.0	11.5	36.0
96-97	29.83951172096811	34.0	31.0	35.0	2.0	36.0
98-99	29.44791925666476	34.0	31.0	35.0	2.0	35.0
100-101	28.1523812801585	33.0	28.5	34.5	2.0	35.0
>>END_MODULE
>>Per tile sequence quality	pass
#Tile	Base	Mean
1101	1	0.034283144861298354
1101	2	-0.003946083335776507
1101	3	0.008066428243004964
1101	4	0.08714134316742417
1101	5	0.04074088916659235
1101	6	0.10624665192145955
1101	7	0.1468694017604406
1101	8	0.1419323205352896
1101	9	0.06360418441700944
1101	10-11	0.06618192752927143
1101	12-13	0.17196305940904466
1101	14-15	0.1782477833424494
1101	16-17	0.22568542084629684
1101	18-19	0.09521246041054354
1101	20-21	0.1412798343393007
1101	22-23	0.21497450421465203
1101	24-25	0.2684169930073921
1101	26-27	0.15590589767473517
1101	28-29	0.2240534757312176
1101	30-31	0.23218528378581027
1101	32-33	0.29349300096807696
1101	34-35	0.265285164231301
1101	36-37	0.24278361855807162
1101	38-39	0.31719747828442735
1101	40-41	0.2806983992249812
1101	42-43	0.1480082486177139
1101	44-45	0.17298234176646332
1101	46-47	0.1826115442647378
1101	48-49	0.1831914066270457
1101	50-51	0.15710770744654923
1101	52-53	0.04290743076592918
1101	54-55	0.10668893828725601
1101	56-57	0.11379079857874075
1101	58-59	0.10113423034680835
1101	60-61	0.26782966958348453
1101	62-63	0.2804024902244322
1101	64-65	0.2024030560911001
1101	66-67	0.2952857367930122
1101	68-69	0.3932011822290775
1101	70-71	0.38133891450754476
1101	72-73	0.4926618271917036
1101	74-75	0.3253709930040074
1101	76-77	0.49946194704111946
1101	78-79	0.4719882155276167
1101	80-81	0.5104908705158735
1101	82-83	0.3759465465943279
1101	84-85	0.3743472078956813
1101	86-87	0.39475161794343094
1101	88-89	0.4337199405314429
1101	90-91	0.494731696407829
1101	92-93	0.48617700169400635
1101	94-95	0.5342836150646768
1101	96-97	0.5188406380982222
1101	98-99	0.5161079150665664
1101	100-101	0.841581606901503
1102	1	-0.03128392291872473
1102	2	0.020501356033506113
1102	3	0.029610610701737983
1102	4	0.061739237236814404
1102	5	-0.006727768291540315
1102	6	0.0251962071769114
1102	7	0.08193357995552475
1102	8	0.02808999423409375
1102	9	0.0017608081168845047
1102	10-11	0.07357597180641307
1102	12-13	0.09474309921820634
1102	14-15	0.12614583127405155
1102	16-17	0.1536017864521213
1102	18-19	0.13396620395364067
1102	20-21	0.1414696252671348
1102	22-23	0.16483098797959173
1102	24-25	0.13212488901139352
1102	26-27	0.12147832270750314
1102	28-29	0.2566703694579715
1102	30-31	0.19573307758737002
1102	32-33	0.16076607780322405
1102	34-35	0.16823006468032986
1102	36-37	0.24745602191904226
1102	38-39	0.25582543367460886
1102	40-41	0.25565850381651245
1102	42-43	0.18310660590339012
1102	44-45	0.23945673037530213
1102	46-47	0.2716650101825522
1102	48-49	0.14840683196437965
1102	50-51	0.0682946480515838
1102	52-53	0.10243959568091299
1102	54-55	0.21095733197947908
1102	56-57	0.20709676033562374
1102	58-59	0.31862929241335536
1102	60-61	0.3241034105955052
1102	62-63	0.2525524180244716
1102	64-65	0.22797558332471368
1102	66-67	0.29278638124802114
1102	68-69	0.32180283098188767
1102	70-71	0.27331345532348195
1102	72-73	0.2205696901192269
1102	74-75	0.29278326058745563
1102	76-77	0.38056151805221106
1102	78-79	0.37441962170407095
1102	80-81	0.41805421961631595
1102	82-83	0.31407825785122867
1102	84-85	0.3896710901620537
1102	86-87	0.32421516600552636
1102	88-89	0.3543371346901729
1102	90-91	0.46924474374023006
1102	92-93	0.534356040206692
1102	94-95	0.6357900501384286
1102	96-97	0.601260404372514
1102	98-99	0.6923581591562886
1102	100-101	0.9372707154516533
1103	1	-0.14214521296510796
1103	2	-0.09567205830164482
1103	3	-0.12142530361837345
1103	4	-0.08550220792042751
1103	5	-0.05348199077126026
1103	6	-0.06864493785319326
1103	7	0.013388449421562143
1103	8	0.018799164167148774
1103	9	-0.17707545780009326
1103	10-11	-0.13087536118312215
1103	12-13	-0.07853635394880598
1103	14-15	-0.06861732389247521
1103	16-17	-0.029424596443554663
1103	18-19	-0.004902740803309769
1103	20-21	-0.047680041202035284
1103	22-23	0.06860652953536572
1103	24-25	0.08780981573107027
1103	26-27	0.08733076291773045
1103	28-29	0.16133547224001177
1103	30-31	0.0849267515288119
1103	32-33	-0.057216924426775506
1103	34-35	0.021510539605756662
1103	36-37	0.1610961366722492
1103	38-39	0.18188462321268872
1103	40-41	0.1359399630220608
1103	42-43	0.1728557553268928
1103	44-45	0.16971376487131096
1103	46-47	0.17243066091266002
1103	48-49	0.08242888357530376
1103	50-51	-0.09163626815983861
1103	52-53	-0.045560324873200386
1103	54-55	0.10749853451589075
1103	56-57	0.16666162421282138
1103	58-59	0.289981721355133
1103	60-61	0.3451649321423318
1103	62-63	0.2833675844472694
1103	64-65	0.2430404495118026
1103	66-67	0.24136534887877303
1103	68-69	0.3649920282364931
1103	70-71	0.4051547970962659
1103	72-73	0.35420116373811794
1103	74-75	0.3637185044599036
1103	76-77	0.4799042677939056
1103	78-79	0.4048435192176427
1103	80-81	0.3466030270809952
1103	82-83	0.37998371908772555
1103	84-85	0.35885382899352436
1103	86-87	0.374522217928245
1103	88-89	0.3257971059826552
1103	90-91	0.23040529287479927
1103	92-93	0.47909292826997785
1103	94-95	0.64287182557403
1103	96-97	0.6509835499079557
1103	98-99	0.6999854781925805
1103	100-101	0.9695860155976419
1104	1	-0.18061349668926852
1104	2	-0.14571426802318044
1104	3	-0.17585155357731708
1104	4	-0.12092407560776053
1104	5	-0.2064142208076447
1104	6	-0.09416280685192646
1104	7	-0.07629028207315969
1104	8	-0.05980212463975931
1104	9	-0.12092596896724217
1104	10-11	-0.11095102196231466
1104	12-13	-0.046254491914787366
1104	14-15	-0.13161800935016288
1104	16-17	-0.11722176975003151
1104	18-19	-0.00943759647985587
1104	20-21	-0.03737057660916321
1104	22-23	-0.009169386001325108
1104	24-25	0.07240783162376374
1104	26-27	0.028039693070859073
1104	28-29	0.07177743159019201
1104	30-31	0.013234825057637067
1104	32-33	-0.07910427093968764
1104	34-35	0.024864637943423418
1104	36-37	0.03679835451942637
1104	38-39	-0.001892926757690816
1104	40-41	-0.04991979208127617
1104	42-43	0.030537884124214543
1104	44-45	0.03958676001929007
1104	46-47	0.05077336573756952
1104	48-49	0.006985969210575149
1104	50-51	-0.06704366297432074
1104	52-53	-0.058984851346451705
1104	54-55	0.0749820906970129
1104	56-57	0.09261398801387344
1104	58-59	0.17880947894334298
1104	60-61	0.16635612810156175
1104	62-63	0.016926680973725183
1104	64-65	0.08345208232412205
1104	66-67	0.1569016728984991
1104	68-69	0.1828176344259944
1104	70-71	0.1326614713740284
1104	72-73	0.09723611842112234
1104	74-75	0.2006398805035019
1104	76-77	0.2565352607306366
1104	78-79	0.27503152660874974
1104	80-81	0.314326326492413
1104	82-83	0.3152143255722919
1104	84-85	0.3571463599236182
1104	86-87	0.3114074190289422
1104	88-89	0.3284424698674506
1104	90-91	0.3542923847634931
1104	92-93	0.37165895230231527
1104	94-95	0.46991798050574474
1104	96-97	0.36321945247031806
1104	98-99	0.4056943228871397
1104	100-101	0.5703951525944078
1105	1	-0.2762099098982027
1105	2	-0.28456929008942566
1105	3	-0.28082980829051607
1105	4	-0.16935692018849124
1105	5	-0.20884574407494938
1105	6	-0.1712366012616613
1105	7	-0.1276412852424258
1105	8	-0.1817028132348142
1105	9	-0.27876991668116347
1105	10-11	-0.2540258119144312
1105	12-13	-0.21175123447000033
1105	14-15	-0.2921759364753669
1105	16-17	-0.27959356022862636
1105	18-19	-0.22634385005863322
1105	20-21	-0.2297777658215665
1105	22-23	-0.2569395293604586
1105	24-25	-0.20999050029976019
1105	26-27	-0.17476698988375716
1105	28-29	-0.17761758020195373
1105	30-31	-0.25133222430523006
1105	32-33	-0.22441870561110733
1105	34-35	-0.16867919047872704
1105	36-37	-0.16334055547886095
1105	38-39	-0.19341419063733412
1105	40-41	-0.09500376185946635
1105	42-43	-0.10081118026335645
1105	44-45	-0.0957154991248359
1105	46-47	-0.07434152276744754
1105	48-49	-0.15372619995696368
1105	50-51	-0.2088977237921128
1105	52-53	-0.18763202703074455
1105	54-55	-0.09543052104962868
1105	56-57	-0.07696219897761836
1105	58-59	-0.021352991415184874
1105	60-61	-0.009470751047224724
1105	62-63	-0.05148442622763838
1105	64-65	-0.07706757377365392
1105	66-67	-0.06636193526992429
1105	68-69	0.030767697647725356
1105	70-71	-0.046423128968122285
1105	72-73	-0.019610035877242638
1105	74-75	0.03631547558590853
1105	76-77	0.08089598076401927
1105	78-79	0.13366797289479138
1105	80-81	0.11898289897391834
1105	82-83	0.08158841140566864
1105	84-85	0.02753409050638922
1105	86-87	0.10933642280280154
1105	88-89	0.21243227646360907
1105	90-91	0.17875021739297736
1105	92-93	0.1649578737093691
1105	94-95	0.2422985556062578
1105	96-97	0.24210520203874353
1105	98-99	0.2805684419636876
1105	100-101	0.4111694059786757
1106	1	-0.4729751182451025
1106	2	-0.49328766150830106
1106	3	-0.48074699887262184
1106	4	-0.3398260043209831
1106	5	-0.33561049319887104
1106	6	-0.3029339977759591
1106	7	-0.3323118793317832
1106	8	-0.3367515502679197
1106	9	-0.4240528852575878
1106	10-11	-0.4937837764425623
1106	12-13	-0.41300281448557996
1106	14-15	-0.5156795706526864
1106	16-17	-0.4280656541752066
1106	18-19	-0.46213797993464567
1106	20-21	-0.4828278810213362
1106	22-23	-0.5273698299458189
1106	24-25	-0.43203945628171425
1106	26-27	-0.43695660601965614
1106	28-29	-0.4511361895422681
1106	30-31	-0.459994185523783
1106	32-33	-0.5084687400612324
1106	34-35	-0.4363508972961796
1106	36-37	-0.4550784665359302
1106	38-39	-0.5291077343829116
1106	40-41	-0.5170362276313725
1106	42-43	-0.5362268769411571
1106	44-45	-0.4752078172267815
1106	46-47	-0.42500954048632167
1106	48-49	-0.40844680738240413
1106	50-51	-0.546966317102104
1106	52-53	-0.5472928771829331
1106	54-55	-0.4829335049477592
1106	56-57	-0.5010716593317994
1106	58-59	-0.470117178802532
1106	60-61	-0.5796022200201563
1106	62-63	-0.6017479266477181
1106	64-65	-0.6371732011596762
1106	66-67	-0.6139362542879852
1106	68-69	-0.6129327202272137
1106	70-71	-0.6268857307603568
1106	72-73	-0.6120760438779485
1106	74-75	-0.5123234503076262
1106	76-77	-0.3407948172953539
1106	78-79	-0.36679903206412945
1106	80-81	-0.36913035988749243
1106	82-83	-0.3553024235299027
1106	84-85	-0.35073556949291884
1106	86-87	-0.26605628474843357
1106	88-89	-0.3410880038739883
1106	90-91	-0.3275485549722639
1106	92-93	-0.34381400673390417
1106	94-95	-0.31546436309408676
1106	96-97	-0.32227362891725164
1106	98-99	-0.31510136262363275
1106	100-101	-0.2458783954981456
1107	1	-0.6503595921113536
1107	2	-0.71058631296561
1107	3	-0.6038015671232841
1107	4	-0.5320589090697823
1107	5	-0.5455319910346006
1107	6	-0.6245300919928951
1107	7	-0.6303182095832653
1107	8	-0.5961360963141829
1107	9	-0.7437004677008332
1107	10-11	-0.7744708412465471
1107	12-13	-0.7779809585661823
1107	14-15	-1.0441900500556471
1107	16-17	-0.8542044438923497
1107	18-19	-0.9209011753365033
1107	20-21	-0.9576557072699217
1107	22-23	-0.9616289113566907
1107	24-25	-0.8694050644762186
1107	26-27	-0.921802659269197
1107	28-29	-1.1203032546764575
1107	30-31	-1.3424407753577867
1107	32-33	-1.4602549576557422
1107	34-35	-1.5466873949973774
1107	36-37	-1.4405597080265053
1107	38-39	-1.4517787729098401
1107	40-41	-1.3374821183312378
1107	42-43	-1.406623187539978
1107	44-45	-1.4961507721848974
1107	46-47	-1.3203020077334315
1107	48-49	-1.4174384254968402
1107	50-51	-1.3778899881484747
1107	52-53	-1.2658461194285948
1107	54-55	-1.1766014544873613
1107	56-57	-1.1002342535309495
1107	58-59	-1.0447014654942492
1107	60-61	-1.003529357737932
1107	62-63	-1.147586837165953
1107	64-65	-0.9564892650031709
1107	66-67	-1.053378867662822
1107	68-69	-1.0732078415734847
1107	70-71	-1.2861394330361478
1107	72-73	-1.53893155936143
1107	74-75	-1.5529432338789562
1107	76-77	-1.3123044930433991
1107	78-79	-1.4205047798802148
1107	80-81	-1.4164761431281079
1107	82-83	-1.517988636816117
1107	84-85	-1.5952219027855676
1107	86-87	-1.595274002354774
1107	88-89	-1.6372610956398361
1107	90-91	-1.5641651434368207
1107	92-93	-1.6160661155149647
1107	94-95	-1.6718853618090925
1107	96-97	-1.7428069204454104
1107	98-99	-1.838869318931085
1107	100-101	-1.8158064455964649
1108	1	-0.7697241023057302
1108	2	-0.7873976627452031
1108	3	-0.6849776310951263
1108	4	-0.6169776867243826
1108	5	-0.5527824992111547
1108	6	-0.6052948767279602
1108	7	-0.5624961800078623
1108	8	-0.6664034890267914
1108	9	-0.7350812452552162
1108	10-11	-0.7752073606392784
1108	12-13	-0.7080683017390257
1108	14-15	-0.8876753588939224
1108	16-17	-0.8300076997305084
1108	18-19	-0.8303660859965234
1108	20-21	-0.9155579465448582
1108	22-23	-0.9017238869135937
1108	24-25	-0.8431798110937478
1108	26-27	-0.8386957071767611
1108	28-29	-0.8243651336093407
1108	30-31	-0.829584652417978
1108	32-33	-0.8751676272095423
1108	34-35	-0.8412334962535084
1108	36-37	-0.8511828884099515
1108	38-39	-0.8678186037964082
1108	40-41	-0.7621846726579022
1108	42-43	-0.773288424135643
1108	44-45	-0.7723925709778214
1108	46-47	-0.8574714017427283
1108	48-49	-0.9913244119276214
1108	50-51	-0.9298382610105094
1108	52-53	-0.9407590028308661
1108	54-55	-0.8436124042206288
1108	56-57	-0.889016880301277
1108	58-59	-0.9748678701603737
1108	60-61	-1.0279088661182385
1108	62-63	-0.9547336621337337
1108	64-65	-1.171879784745478
1108	66-67	-1.0437854234293766
1108	68-69	-1.021893918691326
1108	70-71	-1.0079028419411102
1108	72-73	-1.049201913252226
1108	74-75	-1.0717991554167128
1108	76-77	-0.9400919828011709
1108	78-79	-0.8403809013960171
1108	80-81	-0.7771332490467273
1108	82-83	-0.8940673867402467
1108	84-85	-1.0457720289718822
1108	86-87	-1.1764092399026396
1108	88-89	-1.3583174329744878
1108	90-91	-1.4704747748827636
1108	92-93	-1.2423096850424997
1108	94-95	-1.1603658413631486
1108	96-97	-1.0958626723851097
1108	98-99	-1.141042959118895
1108	100-101	-1.3852436202930853
1201	1	0.3254176322477491
1201	2	0.3045806191227385
1201	3	0.3295717308099313
1201	4	0.2865430875571704
1201	5	0.3024797559006629
1201	6	0.2737778868339831
1201	7	0.24428049214317582
1201	8	0.24957417378215752
1201	9	0.25939734040408524
1201	10-11	0.3028185146896121
1201	12-13	0.32605524965207167
1201	14-15	0.4008706375633224
1201	16-17	0.45895236765105096
1201	18-19	0.42134465000222576
1201	20-21	0.4609728692465751
1201	22-23	0.45380758232753493
1201	24-25	0.46263465823712835
1201	26-27	0.4483403542627187
1201	28-29	0.3984671189451561
1201	30-31	0.4602165694893472
1201	32-33	0.30221705733151083
1201	34-35	0.44608123548655954
1201	36-37	0.4585950941661068
1201	38-39	0.5260431886824577
1201	40-41	0.4746450399499835
1201	42-43	0.46221216296437717
1201	44-45	0.498975135804379
1201	46-47	0.34011316634730804
1201	48-49	0.356540474603122
1201	50-51	0.4171306619086792
1201	52-53	0.41315413787123845
1201	54-55	0.5136522464698245
1201	56-57	0.48721504208708666
1201	58-59	0.5264638062475555
1201	60-61	0.40431622579973947
1201	62-63	0.41852002320266735
1201	64-65	0.4834252817547551
1201	66-67	0.5130037714867512
1201	68-69	0.6400220914100245
1201	70-71	0.6409267497138629
1201	72-73	0.7035148510309668
1201	74-75	0.6115645287453049
1201	76-77	0.7076059740784046
1201	78-79	0.6767833283501403
1201	80-81	0.5936109810778092
1201	82-83	0.5168695841423343
1201	84-85	0.5207061996729863
1201	86-87	0.4982286074745623
1201	88-89	0.5529361958962475
1201	90-91	0.5379819090460494
1201	92-93	0.6350806706639283
1201	94-95	0.6948866146070891
1201	96-97	0.6157247714696297
1201	98-99	0.6595686329406227
1201	100-101	0.6426560676464064
1202	1	0.3108283054626213
1202	2	0.2899300289037754
1202	3	0.2760383530394179
1202	4	0.25682539178576036
1202	5	0.18404679707705185
1202	6	0.2095327539303753
1202	7	0.18149708405743326
1202	8	0.23265450571696533
1202	9	0.3337269842532251
1202	10-11	0.33666600478239417
1202	12-13	0.2522035346504907
1202	14-15	0.3693977956149226
1202	16-17	0.38961062449265427
1202	18-19	0.37563869212657863
1202	20-21	0.4247895906443162
1202	22-23	0.4506549577911372
1202	24-25	0.46455064048406314
1202	26-27	0.42303537116301015
1202	28-29	0.40553254328374067
1202	30-31	0.5281731521418607
1202	32-33	0.539092529256159
1202	34-35	0.596999063262011
1202	36-37	0.5172771113759254
1202	38-39	0.5594311231216906
1202	40-41	0.5566291702296908
1202	42-43	0.6248182549079928
1202	44-45	0.6426115074923118
1202	46-47	0.6197218324089064
1202	48-49	0.5352791200136409
1202	50-51	0.5790218464211776
1202	52-53	0.47669683709701616
1202	54-55	0.5835987611469875
1202	56-57	0.6025615974307996
1202	58-59	0.6430325752124233
1202	60-61	0.5533085101144692
1202	62-63	0.619802779516256
1202	64-65	0.6828559658638582
1202	66-67	0.6903617610874022
1202	68-69	0.664099263712778
1202	70-71	0.6474936834192775
1202	72-73	0.6765318774155915
1202	74-75	0.6457652197150594
1202	76-77	0.7579668963373507
1202	78-79	0.6981418260795138
1202	80-81	0.6610710711671501
1202	82-83	0.7119419317015669
1202	84-85	0.7078025349068966
1202	86-87	0.6037580583788476
1202	88-89	0.5888298265634724
1202	90-91	0.5906316385453358
1202	92-93	0.6815856546625376
1202	94-95	0.7514402534269813
1202	96-97	0.8360489664300097
1202	98-99	0.8257334479491618
1202	100-101	0.7749580293998193
1203	1	0.07511070775403184
1203	2	0.1460241264566804
1203	3	0.1094407562585431
1203	4	0.03943009969525235
1203	5	0.10649905993231101
1203	6	0.09024374295180593
1203	7	0.11266839625280767
1203	8	0.09181039010113068
1203	9	0.1439737963515526
1203	10-11	0.16856506140833716
1203	12-13	0.12996791143012842
1203	14-15	0.19152080233008917
1203	16-17	0.23717804098013318
1203	18-19	0.2250647171467577
1203	20-21	0.27063870936581225
1203	22-23	0.32217189616159203
1203	24-25	0.3255559788251574
1203	26-27	0.2891050066766425
1203	28-29	0.3079659320244872
1203	30-31	0.38632827488866894
1203	32-33	0.4305452033535673
1203	34-35	0.40814822876133405
1203	36-37	0.4441980897347051
1203	38-39	0.5043110749975384
1203	40-41	0.42416950490406435
1203	42-43	0.4793886692508522
1203	44-45	0.5157111894706858
1203	46-47	0.5082726593461615
1203	48-49	0.45837551096346374
1203	50-51	0.3112100459899736
1203	52-53	0.2775960138221336
1203	54-55	0.3156390640107887
1203	56-57	0.37199879492295906
1203	58-59	0.3842348294329767
1203	60-61	0.3700282633477272
1203	62-63	0.46814861144373054
1203	64-65	0.44947093962451135
1203	66-67	0.5123800391613358
1203	68-69	0.5794475128743599
1203	70-71	0.5245643298645248
1203	72-73	0.5356973624151493
1203	74-75	0.6123498838299213
1203	76-77	0.7234251884594514
1203	78-79	0.6769561150491086
1203	80-81	0.6178267934837436
1203	82-83	0.496955072293467
1203	84-85	0.5488731819211807
1203	86-87	0.430204591366234
1203	88-89	0.40590564363067827
1203	90-91	0.40950536018987904
1203	92-93	0.6634563249789629
1203	94-95	0.8068737072242484
1203	96-97	0.8644457680847424
1203	98-99	0.9023689202806473
1203	100-101	0.793639653593722
1204	1	0.19418610290262706
1204	2	0.15640941564361555
1204	3	0.21896096127618847
1204	4	0.20823873005109306
1204	5	0.09827121155142748
1204	6	0.15487904499399718
1204	7	0.15492127777658027
1204	8	0.1363312340465228
1204	9	0.18641030073597875
1204	10-11	0.24053191473606006
1204	12-13	0.2321550625823008
1204	14-15	0.2657602306817779
1204	16-17	0.2879460031815313
1204	18-19	0.35271709859245703
1204	20-21	0.352381182839558
1204	22-23	0.34379752862783874
1204	24-25	0.4128968208021533
1204	26-27	0.302495234628104
1204	28-29	0.32394960336490897
1204	30-31	0.3594409766076794
1204	32-33	0.4505597017857852
1204	34-35	0.4696361487666394
1204	36-37	0.44090193256666765
1204	38-39	0.4588912079275289
1204	40-41	0.38040031164094046
1204	42-43	0.48081179235150273
1204	44-45	0.4749391476772402
1204	46-47	0.5345593903320562
1204	48-49	0.49031407107988656
1204	50-51	0.48479521288553684
1204	52-53	0.4732343765549416
1204	54-55	0.4601365617390627
1204	56-57	0.48589740440572626
1204	58-59	0.4990919349422569
1204	60-61	0.5014469480308961
1204	62-63	0.4375284391164982
1204	64-65	0.4689988779498009
1204	66-67	0.5660439766700236
1204	68-69	0.49930069088293294
1204	70-71	0.42834061945598734
1204	72-73	0.5543065963084999
1204	74-75	0.6420035043304466
1204	76-77	0.5909416356731114
1204	78-79	0.6324709848062895
1204	80-81	0.6448078862888238
1204	82-83	0.6704521947369315
1204	84-85	0.7361268168833988
1204	86-87	0.7253793493893035
1204	88-89	0.6661155093795905
1204	90-91	0.710590559538975
1204	92-93	0.7519601175709845
1204	94-95	0.7534098052908256
1204	96-97	0.8167125724079938
1204	98-99	0.7435356903949817
1204	100-101	0.6374460364640875
1205	1	-0.0025724361393812956
1205	2	-0.009090573016592884
1205	3	4.255291344463785E-4
1205	4	-0.005337033095436539
1205	5	0.03107600122335441
1205	6	0.031051084017292396
1205	7	0.01893449610960829
1205	8	0.025036217382080395
1205	9	0.037512723326436515
1205	10-11	0.04795228816858099
1205	12-13	0.08289892709970559
1205	14-15	0.02258503122068589
1205	16-17	0.05721496104333568
1205	18-19	0.004857559981090276
1205	20-21	0.05071521977710347
1205	22-23	0.11382220686302702
1205	24-25	0.0994921710056147
1205	26-27	0.07426990002152678
1205	28-29	0.02833758732379721
1205	30-31	0.03429629639704501
1205	32-33	0.1600297643711528
1205	34-35	0.11520312191355231
1205	36-37	0.12687389843052443
1205	38-39	0.18607893145152588
1205	40-41	0.13312110219224849
1205	42-43	0.17335482195881013
1205	44-45	0.19240238087902384
1205	46-47	0.20928477629414743
1205	48-49	0.11091940855565952
1205	50-51	0.10888929147193238
1205	52-53	0.09698519762543611
1205	54-55	0.23140462768448344
1205	56-57	0.2789897713510996
1205	58-59	0.3073005749945281
1205	60-61	0.3154981112982753
1205	62-63	0.25828695127614054
1205	64-65	0.2415783233230684
1205	66-67	0.20069878678847886
1205	68-69	0.24216330450467183
1205	70-71	0.2899047946139248
1205	72-73	0.35078929271718806
1205	74-75	0.36636206156331497
1205	76-77	0.41259432997917855
1205	78-79	0.41654019769089956
1205	80-81	0.30985894196523134
1205	82-83	0.31340455749469953
1205	84-85	0.3305291835488049
1205	86-87	0.3562019836778667
1205	88-89	0.3662647495798126
1205	90-91	0.32852621037637775
1205	92-93	0.35021002678618984
1205	94-95	0.3332825851876713
1205	96-97	0.28699187915941593
1205	98-99	0.21939047935473965
1205	100-101	-0.007739621305120181
1206	1	-0.19811342764700512
1206	2	-0.1481539466017665
1206	3	-0.14469254716868463
1206	4	-0.13509090930244128
1206	5	-0.11880753396128796
1206	6	-0.17364994503913067
1206	7	-0.10914287187463856
1206	8	-0.11551712547607451
1206	9	-0.217183536299423
1206	10-11	-0.16241225696307993
1206	12-13	-0.21289499381054355
1206	14-15	-0.23488023909877853
1206	16-17	-0.19949165967771165
1206	18-19	-0.17230761026818442
1206	20-21	-0.17923534838401167
1206	22-23	-0.23030213545971634
1206	24-25	-0.22537594768814273
1206	26-27	-0.22999504228659617
1206	28-29	-0.20912714133037014
1206	30-31	-0.17843056974439264
1206	32-33	-0.11200847531110725
1206	34-35	-0.1908219287374351
1206	36-37	-0.18825491842991227
1206	38-39	-0.09257141893368015
1206	40-41	-0.04969743566892504
1206	42-43	-0.0786735922566777
1206	44-45	-0.0964826142690427
1206	46-47	-0.05603727059619956
1206	48-49	-0.11267321596071866
1206	50-51	-0.18037744894643026
1206	52-53	-0.08515286218594298
1206	54-55	0.03801559750409211
1206	56-57	0.016343978668665216
1206	58-59	0.08473768201373133
1206	60-61	0.03195348989316216
1206	62-63	0.02545627619263513
1206	64-65	-0.010903880043649394
1206	66-67	-0.03444389779834012
1206	68-69	-0.06667008921068174
1206	70-71	-0.05117162837476741
1206	72-73	-0.05136058855672587
1206	74-75	0.011763938992949363
1206	76-77	0.10519319203748267
1206	78-79	0.07885498334479024
1206	80-81	0.03361939225296595
1206	82-83	-0.008762683781874614
1206	84-85	-0.030424072346885822
1206	86-87	-0.030212841684914338
1206	88-89	-0.02505137342807373
1206	90-91	-0.020666556419730142
1206	92-93	-0.10164180803123557
1206	94-95	-0.06489481129164787
1206	96-97	-0.06344867737374216
1206	98-99	-0.2054941718925214
1206	100-101	-0.47207742880855363
1207	1	-0.3709853909198131
1207	2	-0.4219641552885953
1207	3	-0.35168607243010896
1207	4	-0.3514923771477143
1207	5	-0.3000325019143233
1207	6	-0.42980709918013815
1207	7	-0.3615335670547495
1207	8	-0.40904728296409587
1207	9	-0.4868302030323264
1207	10-11	-0.4777369353639287
1207	12-13	-0.5088180200838934
1207	14-15	-0.724729764633615
1207	16-17	-0.6342152041960034
1207	18-19	-0.643563001531497
1207	20-21	-0.676534710920663
1207	22-23	-0.6416088042056103
1207	24-25	-0.5670820200939346
1207	26-27	-0.586639492018918
1207	28-29	-0.7571296678702168
1207	30-31	-0.8528966312980941
1207	32-33	-0.912852621278013
1207	34-35	-1.0125755728505084
1207	36-37	-0.9972359072766821
1207	38-39	-1.0155818815463746
1207	40-41	-0.9336716445131685
1207	42-43	-1.0372081957077697
1207	44-45	-1.0962368757142187
1207	46-47	-0.9891584186017681
1207	48-49	-1.1785794398260734
1207	50-51	-1.0237432834986109
1207	52-53	-0.8506187387485227
1207	54-55	-0.804048362589711
1207	56-57	-0.7822432914292321
1207	58-59	-0.7821955185126299
1207	60-61	-0.7094477752498278
1207	62-63	-0.7706439330517512
1207	64-65	-0.6672267595250005
1207	66-67	-0.6421135786438299
1207	68-69	-0.7387028016943091
1207	70-71	-0.8681102106223975
1207	72-73	-1.1351947092401602
1207	74-75	-1.1042824623449974
1207	76-77	-1.022544948906102
1207	78-79	-1.2024541116679224
1207	80-81	-1.2153439983127896
1207	82-83	-1.251451010188017
1207	84-85	-1.3568420842419897
1207	86-87	-1.3230159276137137
1207	88-89	-1.2864984310909868
1207	90-91	-1.3054847061063661
1207	92-93	-1.3943565693471527
1207	94-95	-1.4756644922488213
1207	96-97	-1.5517277158112748
1207	98-99	-1.6751364235093043
1207	100-101	-2.153765005558725
1208	1	-0.5501744183075488
1208	2	-0.5082734444994053
1208	3	-0.49731284856640556
1208	4	-0.46225521939789616
1208	5	-0.4778937570341526
1208	6	-0.59833997916882
1208	7	-0.45788202873254136
1208	8	-0.5294853649299682
1208	9	-0.5520034390513899
1208	10-11	-0.5878210417526475
1208	12-13	-0.5124301432166973
1208	14-15	-0.6794289063584031
1208	16-17	-0.7081400321093483
1208	18-19	-0.6573405606252365
1208	20-21	-0.6417584899371107
1208	22-23	-0.6385918585188364
1208	24-25	-0.6583729810810368
1208	26-27	-0.651419724876412
1208	28-29	-0.8218373467122362
1208	30-31	-0.8049599091801269
1208	32-33	-0.722457101148926
1208	34-35	-0.6987078671141944
1208	36-37	-0.6944541017099439
1208	38-39	-0.6528434433240236
1208	40-41	-0.7627514412834486
1208	42-43	-0.7912313987745989
1208	44-45	-0.7404771908991066
1208	46-47	-0.6851649232999861
1208	48-49	-0.897344821908284
1208	50-51	-0.8664973693381768
1208	52-53	-0.8305413349606354
1208	54-55	-0.8017392037517155
1208	56-57	-0.7806305525632453
1208	58-59	-0.8942646142268345
1208	60-61	-0.7993300525954439
1208	62-63	-0.7678708906644047
1208	64-65	-0.8083267225327546
1208	66-67	-0.9232110889848713
1208	68-69	-0.9128045893595385
1208	70-71	-0.9378967195165231
1208	72-73	-0.9120467466929298
1208	74-75	-0.8644663704445179
1208	76-77	-0.7680353099940618
1208	78-79	-0.76919850155668
1208	80-81	-0.8446914929297762
1208	82-83	-0.8754498580338819
1208	84-85	-1.091410212376978
1208	86-87	-1.2019826321149232
1208	88-89	-1.2552866385600119
1208	90-91	-1.3682582662051814
1208	92-93	-1.229930590839583
1208	94-95	-1.2171809705046535
1208	96-97	-1.3260716865988869
1208	98-99	-1.40836375864205
1208	100-101	-1.8221158789919834
1301	1	0.38627722921211216
1301	2	0.3828178594345175
1301	3	0.37372426971447226
1301	4	0.30154914712849035
1301	5	0.3833157024340679
1301	6	0.3549949751895056
1301	7	0.3673097758873425
1301	8	0.2961675358953002
1301	9	0.3902293175473659
1301	10-11	0.43354313790106147
1301	12-13	0.3434457541699061
1301	14-15	0.48338517352813426
1301	16-17	0.5620648412484357
1301	18-19	0.5659036098690606
1301	20-21	0.6089227202738741
1301	22-23	0.5726494758637841
1301	24-25	0.6458065562737829
1301	26-27	0.6073537979630004
1301	28-29	0.6471165075699048
1301	30-31	0.7261612626666434
1301	32-33	0.7143986631810932
1301	34-35	0.7672702384217516
1301	36-37	0.6905039562995015
1301	38-39	0.718435597056164
1301	40-41	0.7705699462275462
1301	42-43	0.7973395859518178
1301	44-45	0.7859150085705053
1301	46-47	0.6309874325382552
1301	48-49	0.6467472876860825
1301	50-51	0.6251180476905134
1301	52-53	0.5329150309041637
1301	54-55	0.6426746183394556
1301	56-57	0.5958643736525246
1301	58-59	0.636189477659137
1301	60-61	0.6400302378530043
1301	62-63	0.7369795174178151
1301	64-65	0.7164923157742109
1301	66-67	0.6855567192552172
1301	68-69	0.771363935972289
1301	70-71	0.7678483256870194
1301	72-73	0.8608574343095441
1301	74-75	0.8525887987763099
1301	76-77	0.9654164847364868
1301	78-79	0.868944800382117
1301	80-81	0.8258318401682274
1301	82-83	0.7464027079158839
1301	84-85	0.6897271923299542
1301	86-87	0.6971809037642025
1301	88-89	0.8033683976757153
1301	90-91	0.9075591725453585
1301	92-93	0.9410522004836714
1301	94-95	0.9261581609723599
1301	96-97	0.7304517811306823
1301	98-99	0.8703477202990548
1301	100-101	1.0269982518254466
1302	1	0.31153443065699804
1302	2	0.35157240179798066
1302	3	0.34451680352696457
1302	4	0.2732316995680293
1302	5	0.31985156608675425
1302	6	0.26592864988602827
1302	7	0.3333741350378929
1302	8	0.29671259461571253
1302	9	0.4240935178766705
1302	10-11	0.40015680137030785
1302	12-13	0.37447497852078016
1302	14-15	0.5098468721081915
1302	16-17	0.5083372669996962
1302	18-19	0.5139761890820083
1302	20-21	0.5384998460983539
1302	22-23	0.5297621910649823
1302	24-25	0.6075848172613192
1302	26-27	0.5907068430940043
1302	28-29	0.6031616102048787
1302	30-31	0.678389444908646
1302	32-33	0.6949795083703165
1302	34-35	0.7582672401232173
1302	36-37	0.7032520644892699
1302	38-39	0.8465391173826546
1302	40-41	0.8639680364813245
1302	42-43	0.833892862462136
1302	44-45	0.765956911425377
1302	46-47	0.7952322863855201
1302	48-49	0.713524223072497
1302	50-51	0.7046959211372723
1302	52-53	0.5801847367655242
1302	54-55	0.6615383156801542
1302	56-57	0.7585321576286148
1302	58-59	0.8260024618551611
1302	60-61	0.7822218895318898
1302	62-63	0.6897922827411449
1302	64-65	0.7000591310381239
1302	66-67	0.7287483246464603
1302	68-69	0.7472540326713428
1302	70-71	0.7362612151407149
1302	72-73	0.6903588972228576
1302	74-75	0.7483865529127769
1302	76-77	0.8173768035196431
1302	78-79	0.8217814160519126
1302	80-81	0.8294758102712549
1302	82-83	0.9032859160994846
1302	84-85	0.9186033176944122
1302	86-87	0.8440266724093597
1302	88-89	0.8238718705108532
1302	90-91	0.9551624684118885
1302	92-93	0.9892603363043655
1302	94-95	1.0656935574022235
1302	96-97	1.0913134801756783
1302	98-99	1.2063407012220964
1302	100-101	1.350208782468247
1303	1	0.24380159252250877
1303	2	0.24637171014280312
1303	3	0.2260037123375227
1303	4	0.1741164794648995
1303	5	0.22783427566756842
1303	6	0.2317815750070551
1303	7	0.22459097562722974
1303	8	0.21808664629426033
1303	9	0.22940598047949123
1303	10-11	0.27219340279215487
1303	12-13	0.277978284039996
1303	14-15	0.36012896675785555
1303	16-17	0.38344517438037684
1303	18-19	0.42591897174340687
1303	20-21	0.4431407411570163
1303	22-23	0.4410225127044143
1303	24-25	0.4498940506815501
1303	26-27	0.4356437860642828
1303	28-29	0.5419273912287395
1303	30-31	0.6193488617661274
1303	32-33	0.6560674465480716
1303	34-35	0.697947312864784
1303	36-37	0.5944925246453394
1303	38-39	0.6749386717539423
1303	40-41	0.6877278865010865
1303	42-43	0.7493991886918678
1303	44-45	0.7917455287319015
1303	46-47	0.7707606431299041
1303	48-49	0.6720994357447978
1303	50-51	0.5379809476072808
1303	52-53	0.5323043958895468
1303	54-55	0.5747940267670231
1303	56-57	0.6601516533715497
1303	58-59	0.7248497432002878
1303	60-61	0.665461537364834
1303	62-63	0.672593228468898
1303	64-65	0.6852836054468128
1303	66-67	0.7285692287898087
1303	68-69	0.7573521756063641
1303	70-71	0.7485927335684792
1303	72-73	0.8148199777609619
1303	74-75	0.8173751670763352
1303	76-77	0.9224377922302978
1303	78-79	0.8452868280063015
1303	80-81	0.8283927075657189
1303	82-83	0.8137498872302231
1303	84-85	0.8401642054251255
1303	86-87	0.7915035403573434
1303	88-89	0.7187267487453255
1303	90-91	0.6521561740707469
1303	92-93	0.9132347378633447
1303	94-95	1.0153634739271382
1303	96-97	1.0785808520272617
1303	98-99	1.0414600252900712
1303	100-101	1.1420012793514118
1304	1	0.23988713766465963
1304	2	0.2092881337934145
1304	3	0.23363891814523896
1304	4	0.16044415019025848
1304	5	0.18806565155241373
1304	6	0.18699959077468264
1304	7	0.15598361797087534
1304	8	0.14395772981144717
1304	9	0.2328584166438219
1304	10-11	0.22104785787765024
1304	12-13	0.23033044346188092
1304	14-15	0.2881611563972868
1304	16-17	0.3074730939185244
1304	18-19	0.3355913005938689
1304	20-21	0.40345634482349624
1304	22-23	0.34952225257025304
1304	24-25	0.40893907749946123
1304	26-27	0.4360705270179537
1304	28-29	0.4336299449177403
1304	30-31	0.5009689158434867
1304	32-33	0.5484124007139926
1304	34-35	0.6112972587288539
1304	36-37	0.5607379231905796
1304	38-39	0.6481012953579253
1304	40-41	0.633883876455414
1304	42-43	0.644041875662765
1304	44-45	0.596027116464775
1304	46-47	0.6116371152538349
1304	48-49	0.634388026516234
1304	50-51	0.6393331156227546
1304	52-53	0.518915664830196
1304	54-55	0.6011764702419953
1304	56-57	0.5847030536071784
1304	58-59	0.61922749528852
1304	60-61	0.522914397445426
1304	62-63	0.549780879236998
1304	64-65	0.540190393203865
1304	66-67	0.6328983637896712
1304	68-69	0.5673108198090873
1304	70-71	0.632477681569064
1304	72-73	0.642946307941294
1304	74-75	0.6653545974337618
1304	76-77	0.6690127871604616
1304	78-79	0.6817289545589063
1304	80-81	0.7074555227078037
1304	82-83	0.7784243809751317
1304	84-85	0.8547844915699372
1304	86-87	0.8101300150763784
1304	88-89	0.7964084512676912
1304	90-91	0.815574086925988
1304	92-93	0.9231526583347289
1304	94-95	0.9491175371085383
1304	96-97	1.005348901110203
1304	98-99	1.0378883437589081
1304	100-101	1.1651152255360486
1305	1	0.03471495806997282
1305	2	0.06014757497732148
1305	3	0.02689351674922591
1305	4	-9.228116908346351E-4
1305	5	0.04089012769551914
1305	6	0.04812645531502824
1305	7	0.05018811571941484
1305	8	0.04672359630247769
1305	9	0.0726772746307276
1305	10-11	0.05782416365276788
1305	12-13	0.07851433821012677
1305	14-15	0.09359249438060857
1305	16-17	0.1244576879947843
1305	18-19	0.1142582703142736
1305	20-21	0.15536872366974563
1305	22-23	0.14362117933330154
1305	24-25	0.16795776602184986
1305	26-27	0.20288603506249814
1305	28-29	0.2553692152267857
1305	30-31	0.31615642994664483
1305	32-33	0.3528853667606242
1305	34-35	0.3753915052540293
1305	36-37	0.31896407795567683
1305	38-39	0.33484046167222203
1305	40-41	0.40997754895745686
1305	42-43	0.4229147536071167
1305	44-45	0.45568114538757953
1305	46-47	0.404129743364372
1305	48-49	0.3899037789808375
1305	50-51	0.33173140437884996
1305	52-53	0.27700760251189394
1305	54-55	0.34901988577283305
1305	56-57	0.3727113907652253
1305	58-59	0.4748305618577433
1305	60-61	0.4896554992224438
1305	62-63	0.41348401443458016
1305	64-65	0.3168457231892887
1305	66-67	0.352819188772024
1305	68-69	0.4428468681597124
1305	70-71	0.4643878882288206
1305	72-73	0.46092849106395306
1305	74-75	0.47042614154840123
1305	76-77	0.527730773964926
1305	78-79	0.529692441121675
1305	80-81	0.4732187204409328
1305	82-83	0.5065410762410707
1305	84-85	0.4953668549393271
1305	86-87	0.47736125494104087
1305	88-89	0.5896118066664933
1305	90-91	0.5687444615179125
1305	92-93	0.5139612155433575
1305	94-95	0.4851225856357999
1305	96-97	0.580682408816557
1305	98-99	0.6028257576335818
1305	100-101	0.6426468157465379
1306	1	-0.1113456029691342
1306	2	-0.1437030919206279
1306	3	-0.16312113830054287
1306	4	-0.16402910744599808
1306	5	-0.07238988563747029
1306	6	-0.12975914396302812
1306	7	-0.1290633522514142
1306	8	-0.1044125042066355
1306	9	-0.12212573991641307
1306	10-11	-0.15670611892733888
1306	12-13	-0.16574363205213416
1306	14-15	-0.17081688940212558
1306	16-17	-0.1407781672536288
1306	18-19	-0.12198965518434335
1306	20-21	-0.07738280604695547
1306	22-23	-0.07010784594041297
1306	24-25	-0.10243975074966016
1306	26-27	-0.1966431598096321
1306	28-29	-0.12783556036369248
1306	30-31	0.01603835176972268
1306	32-33	0.03407824321972441
1306	34-35	0.05444565051547556
1306	36-37	0.015507690401243224
1306	38-39	0.08726940682361572
1306	40-41	0.10429523078669689
1306	42-43	0.09314537645943233
1306	44-45	0.08958369658886767
1306	46-47	0.030947586137436645
1306	48-49	-0.005554886431895056
1306	50-51	-0.08530227958588199
1306	52-53	-0.09422924093482266
1306	54-55	0.012503398656484421
1306	56-57	-1.2314657764278536E-4
1306	58-59	0.10450030928250698
1306	60-61	0.08149096450773641
1306	62-63	-0.026231210425727625
1306	64-65	-0.037219133133660876
1306	66-67	-0.05163323480764603
1306	68-69	-0.020146979053428993
1306	70-71	0.03559620817157594
1306	72-73	0.014318503949034778
1306	74-75	0.04956422762172963
1306	76-77	0.11320564408935496
1306	78-79	0.09939397272651718
1306	80-81	0.1163240205371352
1306	82-83	0.06591003343991986
1306	84-85	0.0015837569264718354
1306	86-87	0.057851085765658894
1306	88-89	0.10314262195829471
1306	90-91	0.10854108437549215
1306	92-93	0.0834672214026142
1306	94-95	0.135010929382414
1306	96-97	0.13639479018236145
1306	98-99	0.11300928252796183
1306	100-101	0.06555388693362119
1307	1	-0.3404469290625656
1307	2	-0.4095670377868359
1307	3	-0.3445067310725989
1307	4	-0.3409023322904048
1307	5	-0.32327381577260894
1307	6	-0.3130189834298349
1307	7	-0.3727687296812192
1307	8	-0.3091061035449272
1307	9	-0.45960278970476054
1307	10-11	-0.48730143006218185
1307	12-13	-0.5181157134450274
1307	14-15	-0.628494688640231
1307	16-17	-0.4893047262919126
1307	18-19	-0.585957123334488
1307	20-21	-0.5568895509936738
1307	22-23	-0.5516087091020339
1307	24-25	-0.5643259898991531
1307	26-27	-0.5261906540810415
1307	28-29	-0.6379481649223919
1307	30-31	-0.6942045662582288
1307	32-33	-0.8110268024992493
1307	34-35	-0.9050532077060964
1307	36-37	-0.9397197232899899
1307	38-39	-0.9206867399803045
1307	40-41	-0.7829835555662399
1307	42-43	-0.9275821075865522
1307	44-45	-0.9557950940790292
1307	46-47	-0.9004516401964295
1307	48-49	-0.9814526253274849
1307	50-51	-0.9383300626524189
1307	52-53	-0.9280600679700086
1307	54-55	-0.7653646737330675
1307	56-57	-0.6618871753935807
1307	58-59	-0.6887857126946528
1307	60-61	-0.704936228261694
1307	62-63	-0.8087273404040403
1307	64-65	-0.6402812428671965
1307	66-67	-0.6419390001905825
1307	68-69	-0.7193789802403572
1307	70-71	-0.8304792718989447
1307	72-73	-1.0931257222766817
1307	74-75	-1.235250592217426
1307	76-77	-1.050484479314143
1307	78-79	-1.058404819600014
1307	80-81	-1.154355967151588
1307	82-83	-1.1968600452284726
1307	84-85	-1.3360192945822433
1307	86-87	-1.2804253866436497
1307	88-89	-1.225802745850359
1307	90-91	-1.2275010492142258
1307	92-93	-1.2140046325411333
1307	94-95	-1.3540876971511295
1307	96-97	-1.39400757968464
1307	98-99	-1.313553255120567
1307	100-101	-1.4790692363420845
1308	1	-0.3465142026225472
1308	2	-0.38711798612219894
1308	3	-0.346490182601066
1308	4	-0.3289029090297717
1308	5	-0.27801345608165917
1308	6	-0.3044582004868275
1308	7	-0.33552067198154134
1308	8	-0.5218896819004186
1308	9	-0.4781703063132312
1308	10-11	-0.4309497971316105
1308	12-13	-0.5428216674890365
1308	14-15	-0.5976942769797873
1308	16-17	-0.5466790086036823
1308	18-19	-0.5224017033222665
1308	20-21	-0.5131482602615876
1308	22-23	-0.5376139434551916
1308	24-25	-0.5140994773294025
1308	26-27	-0.5683352422787848
1308	28-29	-0.5517874469206632
1308	30-31	-0.5595235313590621
1308	32-33	-0.5192785582976782
1308	34-35	-0.4517798783644622
1308	36-37	-0.5933049540836066
1308	38-39	-0.4858670420534352
1308	40-41	-0.40711351750569946
1308	42-43	-0.42285855477709333
1308	44-45	-0.4983455527814371
1308	46-47	-0.5448482445741121
1308	48-49	-0.7232771143302159
1308	50-51	-0.7124273803034598
1308	52-53	-0.6546614945668736
1308	54-55	-0.6862694580895337
1308	56-57	-0.5681542114248046
1308	58-59	-0.5664905566073841
1308	60-61	-0.4739930362437619
1308	62-63	-0.5063231542881752
1308	64-65	-0.5986111280968132
1308	66-67	-0.6030513099789871
1308	68-69	-0.5797267076145332
1308	70-71	-0.6035213790132588
1308	72-73	-0.717596039246871
1308	74-75	-0.6831486461039873
1308	76-77	-0.518435492853385
1308	78-79	-0.5521855494816705
1308	80-81	-0.6079218713393573
1308	82-83	-0.679480761843454
1308	84-85	-0.8353930430425471
1308	86-87	-0.9719359222108856
1308	88-89	-1.1148107012224493
1308	90-91	-1.1036489544989756
1308	92-93	-0.940039494474135
1308	94-95	-0.975627595072595
1308	96-97	-0.8622571473209852
1308	98-99	-0.9061214783345939
1308	100-101	-1.18386203434995
2101	1	0.40328569938188963
2101	2	0.3582613743369194
2101	3	0.3519463135236123
2101	4	0.3327387430276545
2101	5	0.36274565325680186
2101	6	0.31504062647308473
2101	7	0.353150500233923
2101	8	0.3442679370087518
2101	9	0.4233802771203443
2101	10-11	0.392631517491715
2101	12-13	0.2288932711728222
2101	14-15	0.37622306363967795
2101	16-17	0.3931420769713725
2101	18-19	0.4515330046108872
2101	20-21	0.42040370233989677
2101	22-23	0.4110805562616022
2101	24-25	0.3662804462777771
2101	26-27	0.4302930535819911
2101	28-29	0.3908869076940107
2101	30-31	0.3195075399906102
2101	32-33	0.35197583813762634
2101	34-35	0.28394712030962665
2101	36-37	0.24193344815498818
2101	38-39	0.3562297403945607
2101	40-41	0.3955248239369169
2101	42-43	0.3271111601007064
2101	44-45	0.20553842230237507
2101	46-47	0.07534313210026511
2101	48-49	0.3373764916487403
2101	50-51	0.34947176705451
2101	52-53	0.3576135414946222
2101	54-55	0.13613922034971182
2101	56-57	0.10607689420291422
2101	58-59	0.3020136443460828
2101	60-61	0.28818769640086117
2101	62-63	0.3030013105471525
2101	64-65	0.3109246632941236
2101	66-67	0.338112125848113
2101	68-69	0.3416836932851979
2101	70-71	0.426314973430415
2101	72-73	0.3741251923510518
2101	74-75	0.4250719266595766
2101	76-77	0.46967876032137923
2101	78-79	0.37873531189278964
2101	80-81	0.3270581197829543
2101	82-83	0.343655991981656
2101	84-85	0.23616035039685812
2101	86-87	0.29254869563749963
2101	88-89	0.46649466021781194
2101	90-91	0.44242893564022623
2101	92-93	0.4383757428648387
2101	94-95	0.3709961847680425
2101	96-97	0.3599581998656163
2101	98-99	0.2988383322275574
2101	100-101	0.5714661108979655
2102	1	0.35945221030429053
2102	2	0.3209162861541799
2102	3	0.3468659164304597
2102	4	0.32717046105181424
2102	5	0.28714699079836237
2102	6	0.2668203757839649
2102	7	0.3278315700353147
2102	8	0.20697979865529703
2102	9	0.3662242172066996
2102	10-11	0.3071079898123159
2102	12-13	0.32250235091584045
2102	14-15	0.3733530628665136
2102	16-17	0.4040650972447821
2102	18-19	0.43169643098136845
2102	20-21	0.4128575612852359
2102	22-23	0.3004822081537739
2102	24-25	0.27064725945339774
2102	26-27	0.2967341246967621
2102	28-29	0.4397661734040099
2102	30-31	0.3212001600642225
2102	32-33	0.3502411372286147
2102	34-35	0.3514832067217668
2102	36-37	0.37460196173019966
2102	38-39	0.4182348728080143
2102	40-41	0.4265188944680318
2102	42-43	0.38401580847427397
2102	44-45	0.31624374637525676
2102	46-47	0.31457914186395186
2102	48-49	0.3404406590874274
2102	50-51	0.3437223371752438
2102	52-53	0.37474604065477735
2102	54-55	0.3094101633941193
2102	56-57	0.26297955291607167
2102	58-59	0.3169619966603321
2102	60-61	0.21197648159445492
2102	62-63	0.21102852620328605
2102	64-65	0.2962735695601779
2102	66-67	0.34832819144135385
2102	68-69	0.3297599421521298
2102	70-71	0.3928235991601312
2102	72-73	0.4318926472106668
2102	74-75	0.37659781528513747
2102	76-77	0.4626960433861811
2102	78-79	0.3680077187202997
2102	80-81	0.31937499746002374
2102	82-83	0.41984406604586866
2102	84-85	0.45885340982063383
2102	86-87	0.4723882020803565
2102	88-89	0.501838430224776
2102	90-91	0.483468071133462
2102	92-93	0.5310981480537293
2102	94-95	0.5125889246952333
2102	96-97	0.49836396891761936
2102	98-99	0.5774120149297808
2102	100-101	0.9569606710472769
2103	1	0.2075990631161062
2103	2	0.2639761146009789
2103	3	0.22682453768261723
2103	4	0.2657314187234405
2103	5	0.24024569547079722
2103	6	0.19318827114132375
2103	7	0.2226523473527351
2103	8	0.2442340359172448
2103	9	0.25566538521196236
2103	10-11	0.19919620488120415
2103	12-13	0.2044479387012359
2103	14-15	0.2919279473221863
2103	16-17	0.17857742476536487
2103	18-19	0.22412940281659388
2103	20-21	0.19375250469163063
2103	22-23	0.20333794007785144
2103	24-25	0.18435554707695445
2103	26-27	0.17096166478781782
2103	28-29	0.13141991091953287
2103	30-31	0.2596654473598363
2103	32-33	0.21078275672572744
2103	34-35	0.2470643249986466
2103	36-37	0.28127107951376473
2103	38-39	0.2888588189612733
2103	40-41	0.29002102308187006
2103	42-43	0.25557576532943216
2103	44-45	0.25621817563992266
2103	46-47	0.23999120506687888
2103	48-49	0.369183397152824
2103	50-51	0.32327876914565934
2103	52-53	0.3231828121368565
2103	54-55	0.2470611566716201
2103	56-57	0.19803895806483496
2103	58-59	0.32648208124648903
2103	60-61	0.2903776668975553
2103	62-63	0.2849956223760941
2103	64-65	0.3195880501692727
2103	66-67	0.3386551669279072
2103	68-69	0.20474509744099834
2103	70-71	0.2737583246969919
2103	72-73	0.40185346584214443
2103	74-75	0.44216881488515014
2103	76-77	0.4657027059855494
2103	78-79	0.2904887795532076
2103	80-81	0.3257041789816171
2103	82-83	0.42488581593217845
2103	84-85	0.48069961547238904
2103	86-87	0.5338608909185787
2103	88-89	0.443759261491369
2103	90-91	0.4206076622485888
2103	92-93	0.49458503540865806
2103	94-95	0.5388890004181057
2103	96-97	0.49977019598668804
2103	98-99	0.561560871538834
2103	100-101	0.7617605872486202
2104	1	0.17110088765269182
2104	2	0.14678045365360504
2104	3	0.14112223449376415
2104	4	0.1652717480083652
2104	5	0.196547895183933
2104	6	0.14911005931070775
2104	7	0.19430927554656563
2104	8	0.16355763534656376
2104	9	-0.041149471024397144
2104	10-11	0.10629525140469553
2104	12-13	0.15600130696532233
2104	14-15	0.19153712894317465
2104	16-17	0.18673148815038587
2104	18-19	0.21668004570957322
2104	20-21	0.18849263868362698
2104	22-23	0.16007462964663688
2104	24-25	0.15747724185268908
2104	26-27	0.2272787313033504
2104	28-29	0.2423689548139123
2104	30-31	0.23639048951201858
2104	32-33	0.22303760959270136
2104	34-35	0.19140632703224725
2104	36-37	0.2287975678791767
2104	38-39	0.23515733411772288
2104	40-41	0.2837046722658485
2104	42-43	0.26112646796783423
2104	44-45	0.21802750485995404
2104	46-47	0.2499054036705317
2104	48-49	0.23749523598633004
2104	50-51	0.30662354118161517
2104	52-53	0.27673834915493245
2104	54-55	0.2414723854353369
2104	56-57	0.1659804451219813
2104	58-59	0.004036799359020904
2104	60-61	0.1868614950903762
2104	62-63	0.23385467332433763
2104	64-65	0.2706089908758358
2104	66-67	0.1671147292987385
2104	68-69	0.13301211635486965
2104	70-71	0.28704807093060225
2104	72-73	0.31730569101618045
2104	74-75	0.3619137041765228
2104	76-77	0.41140994183808033
2104	78-79	0.32982762432038726
2104	80-81	0.3361591524712466
2104	82-83	0.3941947796497445
2104	84-85	0.45715101188787344
2104	86-87	0.5083026209870418
2104	88-89	0.4933084664916869
2104	90-91	0.4840808728077022
2104	92-93	0.5562773730992667
2104	94-95	0.4990739433617897
2104	96-97	0.45887350992774145
2104	98-99	0.4536959911248388
2104	100-101	0.6629615052247857
2105	1	0.06973966732543957
2105	2	0.026705884260358914
2105	3	-0.018322237141283892
2105	4	0.0567729026617414
2105	5	0.10083797624614732
2105	6	0.06874371734839713
2105	7	0.10886483465034758
2105	8	0.0952666577932817
2105	9	0.06977702862889146
2105	10-11	0.03696666960350825
2105	12-13	0.05573270084344273
2105	14-15	0.023214995967059338
2105	16-17	-0.16823950573165547
2105	18-19	-0.12322848020494348
2105	20-21	-0.032705828257746816
2105	22-23	-0.09809773462789906
2105	24-25	-0.13446827237608971
2105	26-27	-0.09614637552703442
2105	28-29	-0.00655796600300107
2105	30-31	-0.04763491828052935
2105	32-33	-0.09567915171266606
2105	34-35	-0.023932300212180735
2105	36-37	-0.0633936674380422
2105	38-39	-0.020251083732865993
2105	40-41	9.408995802786535E-4
2105	42-43	-0.0013875273174903668
2105	44-45	0.025110130770364947
2105	46-47	-0.04733871727646033
2105	48-49	0.08150705606907849
2105	50-51	0.0931785149198987
2105	52-53	0.04385834975926883
2105	54-55	-0.008551082264986576
2105	56-57	0.014444502652445124
2105	58-59	-0.21104492884787618
2105	60-61	-0.025142584767642973
2105	62-63	0.019875085995089137
2105	64-65	-0.023376932933722117
2105	66-67	0.04248744208545929
2105	68-69	-0.005898119297576443
2105	70-71	0.07393727595587052
2105	72-73	0.14463242762760586
2105	74-75	0.15282932703111385
2105	76-77	0.12699343111884787
2105	78-79	0.06694124416096514
2105	80-81	0.08717532628563873
2105	82-83	0.12569604077640406
2105	84-85	0.15751707260862702
2105	86-87	0.18773180689997915
2105	88-89	0.21973149999456254
2105	90-91	0.21788337629274324
2105	92-93	0.19506115396431767
2105	94-95	0.1097447193048886
2105	96-97	0.09808829385295326
2105	98-99	0.11660904832100627
2105	100-101	0.3259859209151088
2106	1	-0.36263923060116454
2106	2	-0.3124276739064129
2106	3	-0.5884891600549871
2106	4	-0.5449461020322843
2106	5	-0.2657512939224347
2106	6	-0.2667869924298074
2106	7	-0.4047764823434008
2106	8	-0.38673668845022036
2106	9	-0.5611623200332474
2106	10-11	-0.34486745626674775
2106	12-13	-0.24444431540662492
2106	14-15	-0.23777981298655249
2106	16-17	-0.2349382360198149
2106	18-19	-0.34244986403390953
2106	20-21	-0.3241070680235367
2106	22-23	-0.22423129189377988
2106	24-25	-0.2753194333618936
2106	26-27	-0.25865553187110635
2106	28-29	-0.41166235710410604
2106	30-31	-0.42050407512998333
2106	32-33	-0.40211050335492615
2106	34-35	-0.48376061807572057
2106	36-37	-0.4187914179561645
2106	38-39	-0.3632613601211645
2106	40-41	-0.36750596721173423
2106	42-43	-0.5454765217033568
2106	44-45	-0.49924735964125944
2106	46-47	-0.47152834372183605
2106	48-49	-0.3510205885384181
2106	50-51	-0.3918038925324794
2106	52-53	-0.40530717952707107
2106	54-55	-0.48106999639450265
2106	56-57	-0.541235014385343
2106	58-59	-0.5336640993316237
2106	60-61	-0.6131850062196165
2106	62-63	-0.8386198042801354
2106	64-65	-0.6969001871251734
2106	66-67	-0.6888301932463747
2106	68-69	-0.7559446157742755
2106	70-71	-0.7476079512619478
2106	72-73	-0.5945886956385849
2106	74-75	-0.45607788819249606
2106	76-77	-0.6868752928868602
2106	78-79	-0.695902212918682
2106	80-81	-0.5727272419591216
2106	82-83	-0.5057223582809272
2106	84-85	-0.379081817948169
2106	86-87	-0.389675254775927
2106	88-89	-0.3836193266893595
2106	90-91	-0.37795820167678684
2106	92-93	-0.4176015505650028
2106	94-95	-0.43676132311265903
2106	96-97	-0.4959926581979559
2106	98-99	-0.5151607336337101
2106	100-101	-0.37373189916365845
2107	1	-0.550978296102322
2107	2	-0.41245570885653393
2107	3	-0.6429583273365793
2107	4	-0.7226070311532382
2107	5	-0.6204980139162402
2107	6	-0.6490492225580127
2107	7	-0.40066174935869014
2107	8	-0.3810585059568652
2107	9	-0.5191176768048962
2107	10-11	-0.5625131303947981
2107	12-13	-0.5335087752130363
2107	14-15	-0.6978931203687964
2107	16-17	-0.7131049106713263
2107	18-19	-0.7901888434446036
2107	20-21	-0.7642930293573329
2107	22-23	-0.7766752417376992
2107	24-25	-0.698585639602129
2107	26-27	-0.820817549348682
2107	28-29	-0.8563071577926848
2107	30-31	-0.9537315264362078
2107	32-33	-0.9146784851281495
2107	34-35	-1.0458913207465912
2107	36-37	-1.1824133408847999
2107	38-39	-1.1094250431605488
2107	40-41	-1.1194340670531275
2107	42-43	-1.0555982400578543
2107	44-45	-1.116790956801701
2107	46-47	-1.240723952056321
2107	48-49	-1.2220858189535733
2107	50-51	-1.0205237137328211
2107	52-53	-1.0788532633325048
2107	54-55	-0.9959851358138181
2107	56-57	-0.969939888685964
2107	58-59	-0.9515494171632994
2107	60-61	-1.0327404043688801
2107	62-63	-1.0685395470734775
2107	64-65	-0.9060600375454371
2107	66-67	-0.9388038269162706
2107	68-69	-1.081899021001128
2107	70-71	-1.1184180566452753
2107	72-73	-1.5807873138118893
2107	74-75	-1.5234863963571144
2107	76-77	-1.23044417596887
2107	78-79	-1.3037960537872557
2107	80-81	-1.3556423912319637
2107	82-83	-1.4059403409957518
2107	84-85	-1.4294854725374435
2107	86-87	-1.4609744535949183
2107	88-89	-1.238634808066056
2107	90-91	-1.2487304993973751
2107	92-93	-1.3189677063929075
2107	94-95	-1.5290870665526164
2107	96-97	-1.5770456558851116
2107	98-99	-1.66866047156131
2107	100-101	-1.5031809909167109
2108	1	-0.5467762106062075
2108	2	-0.46423075554688964
2108	3	-0.4344981241622534
2108	4	-0.33329213527228774
2108	5	-0.48739377855380184
2108	6	-0.38141668084738
2108	7	-0.35567460124796213
2108	8	-0.30824282553741966
2108	9	-0.40772625579691635
2108	10-11	-0.49407554259018127
2108	12-13	-0.48631477860824646
2108	14-15	-0.6282394733585974
2108	16-17	-0.737753680088403
2108	18-19	-0.5469207661482187
2108	20-21	-0.7557735196885176
2108	22-23	-0.7833240270220259
2108	24-25	-0.6848425958796511
2108	26-27	-0.7020025655288364
2108	28-29	-0.6109387321680515
2108	30-31	-0.5526008551985555
2108	32-33	-0.7610458367311494
2108	34-35	-0.6122226118299352
2108	36-37	-0.5949073810180394
2108	38-39	-0.593799955444311
2108	40-41	-0.5595801273663312
2108	42-43	-0.5655210169783373
2108	44-45	-0.6889404868637783
2108	46-47	-0.6874205048148383
2108	48-49	-0.5920198952895532
2108	50-51	-0.6851846475904253
2108	52-53	-0.7635765694188308
2108	54-55	-0.8552865319008589
2108	56-57	-0.8736355798412987
2108	58-59	-0.8333681702930207
2108	60-61	-0.9394975305628108
2108	62-63	-0.9115052372458976
2108	64-65	-0.7655771010819379
2108	66-67	-0.8330311216912492
2108	68-69	-1.0589191807568596
2108	70-71	-0.9443524688199645
2108	72-73	-0.8553599668631833
2108	74-75	-0.9070783043948865
2108	76-77	-0.7744701484570697
2108	78-79	-0.800159384585875
2108	80-81	-0.8773175033086744
2108	82-83	-0.928504266727785
2108	84-85	-0.9266733583968012
2108	86-87	-1.0426903240828764
2108	88-89	-1.2048474858627252
2108	90-91	-1.1862881780717807
2108	92-93	-0.8866644401049406
2108	94-95	-0.9155180659336715
2108	96-97	-0.9901235367362631
2108	98-99	-1.074378396958
2108	100-101	-0.8934433273463611
2201	1	0.5102112055126042
2201	2	0.42998892527013055
2201	3	0.4572117799417086
2201	4	0.39298408645714034
2201	5	0.35979198474689866
2201	6	0.4292054943981185
2201	7	0.5141704565599525
2201	8	0.4372142770819778
2201	9	0.540705829902258
2201	10-11	0.46259235723707803
2201	12-13	0.47692368731799206
2201	14-15	0.6245359291811425
2201	16-17	0.6044767686344557
2201	18-19	0.5759317335342118
2201	20-21	0.5591832331216864
2201	22-23	0.5271838595428378
2201	24-25	0.5107327259446421
2201	26-27	0.5432392297118795
2201	28-29	0.5914919746686422
2201	30-31	0.5028389813046772
2201	32-33	0.5615256362132257
2201	34-35	0.5943535358922603
2201	36-37	0.5492354195100617
2201	38-39	0.5589523286390516
2201	40-41	0.4921497598302196
2201	42-43	0.5331604717865162
2201	44-45	0.508166899113327
2201	46-47	0.44882802917256726
2201	48-49	0.5974201095672313
2201	50-51	0.6262218921112819
2201	52-53	0.5607880883918739
2201	54-55	0.4440591801197584
2201	56-57	0.4201639628748879
2201	58-59	-0.04707188800782802
2201	60-61	0.30571680145875746
2201	62-63	0.4249032885519952
2201	64-65	0.49822851492321263
2201	66-67	0.42298409423526095
2201	68-69	0.459298010616763
2201	70-71	0.5548109714865888
2201	72-73	0.6357895517284149
2201	74-75	0.6201702258639443
2201	76-77	0.5474740758258818
2201	78-79	0.45391095739433496
2201	80-81	0.5494431625956011
2201	82-83	0.5459111861099615
2201	84-85	0.5365853506885259
2201	86-87	0.6583430868174425
2201	88-89	0.6559460457218087
2201	90-91	0.5386657685347664
2201	92-93	-0.08646421087141576
2201	94-95	0.25841946231600943
2201	96-97	0.45860019352618053
2201	98-99	0.6165048921221832
2201	100-101	0.6275177903674063
2202	1	0.4493741923463759
2202	2	0.4358894665197539
2202	3	0.4463417615808112
2202	4	0.40488403142124696
2202	5	0.3972104885421146
2202	6	0.44212756128221997
2202	7	-0.2918364133839262
2202	8	0.19385615404226542
2202	9	0.40758887992868864
2202	10-11	0.4353822957373623
2202	12-13	0.47209608990705476
2202	14-15	0.6100181009980972
2202	16-17	0.5937950912663865
2202	18-19	0.5990085507203915
2202	20-21	0.5999153105908945
2202	22-23	0.5383979333176043
2202	24-25	0.5597614392055235
2202	26-27	0.5782369860467966
2202	28-29	0.6025993917586021
2202	30-31	0.6825643470599871
2202	32-33	0.6744675636058304
2202	34-35	0.5973110723816717
2202	36-37	0.6622512845862545
2202	38-39	0.2415037183828943
2202	40-41	0.10774415267429305
2202	42-43	0.482067701693353
2202	44-45	0.5294675220407825
2202	46-47	0.6199994926914343
2202	48-49	0.7299182550876537
2202	50-51	0.6567126815163604
2202	52-53	0.6489526251677873
2202	54-55	0.5187342367945575
2202	56-57	0.5499229816191402
2202	58-59	0.6399995029489318
2202	60-61	0.5967671483818648
2202	62-63	0.6518064584472043
2202	64-65	0.6108739374378587
2202	66-67	0.6021962722769985
2202	68-69	0.6358127367687629
2202	70-71	0.6803431144237777
2202	72-73	0.7015869324930648
2202	74-75	0.5624862393112409
2202	76-77	-0.023124694640308974
2202	78-79	0.5164399838580849
2202	80-81	0.6212129051681572
2202	82-83	0.5803060916803702
2202	84-85	0.6727896355751
2202	86-87	0.7884611041635345
2202	88-89	0.7586547416076321
2202	90-91	0.7605329968151544
2202	92-93	0.7112788616696157
2202	94-95	0.6555601228780255
2202	96-97	0.7876570797779898
2202	98-99	0.8917807441102106
2202	100-101	0.8398373061432203
2203	1	0.5728440678653683
2203	2	0.5721986531817009
2203	3	0.5252136381824499
2203	4	0.5162198088194216
2203	5	0.5232908466871322
2203	6	0.49394604161651046
2203	7	0.5677188258920438
2203	8	0.5424828541261775
2203	9	0.6396470318465575
2203	10-11	0.6128533844780222
2203	12-13	0.5478237324747965
2203	14-15	0.726523205415532
2203	16-17	0.6726423479296741
2203	18-19	0.7356637248652831
2203	20-21	0.6746973716851699
2203	22-23	0.6636076032915739
2203	24-25	0.6321635221971178
2203	26-27	0.6071158175237699
2203	28-29	0.7188653953873825
2203	30-31	0.7061529654763135
2203	32-33	0.7400553296026189
2203	34-35	0.7286708947861342
2203	36-37	0.7305272955989963
2203	38-39	0.8122794023616393
2203	40-41	0.7798415958496818
2203	42-43	0.7817789244728104
2203	44-45	0.7384331064184906
2203	46-47	0.7173679897087766
2203	48-49	0.8530924328495786
2203	50-51	0.8694784969617331
2203	52-53	0.921704221966209
2203	54-55	0.8413088976393226
2203	56-57	0.7816520455148819
2203	58-59	0.8351996818068557
2203	60-61	0.8095287519011691
2203	62-63	0.8653054686261825
2203	64-65	0.8099983337910359
2203	66-67	0.7110960610652484
2203	68-69	0.8325581553184804
2203	70-71	0.8937689754922999
2203	72-73	0.9095234529898306
2203	74-75	0.9003725787968904
2203	76-77	0.9110098022793238
2203	78-79	0.8127513114540932
2203	80-81	0.753988450728805
2203	82-83	0.8375832166810184
2203	84-85	0.9035446645360636
2203	86-87	1.0258636504545287
2203	88-89	0.9619057573343817
2203	90-91	1.0478078423167467
2203	92-93	1.003819510870823
2203	94-95	0.9653089232055656
2203	96-97	0.9342605982162375
2203	98-99	1.013166223857585
2203	100-101	0.9894020959364127
2204	1	0.6050940115907721
2204	2	0.5814800384298664
2204	3	0.5647366515062018
2204	4	0.5224380369882269
2204	5	0.5089162967777057
2204	6	0.5144630791888574
2204	7	0.5649688699575606
2204	8	0.5619488493703813
2204	9	0.6824271641122195
2204	10-11	0.6206203990733812
2204	12-13	0.6079143294133544
2204	14-15	0.7001683239716527
2204	16-17	0.6907993221118076
2204	18-19	0.7468260043699857
2204	20-21	0.6733129659209851
2204	22-23	0.6267806141330539
2204	24-25	0.6019510941156412
2204	26-27	0.6153736127847438
2204	28-29	0.690520754737129
2204	30-31	0.7202678972019783
2204	32-33	0.7568027424346653
2204	34-35	0.7136394689242351
2204	36-37	0.7422814464207121
2204	38-39	0.7121167146027929
2204	40-41	0.7268740413331898
2204	42-43	0.7432190800907676
2204	44-45	0.7081773051957114
2204	46-47	0.7643447136124237
2204	48-49	0.8127619034168063
2204	50-51	0.8543717488425884
2204	52-53	0.9307686545782445
2204	54-55	0.7959681870809803
2204	56-57	0.8193687853238671
2204	58-59	0.8638398368565419
2204	60-61	0.8571379243506456
2204	62-63	0.8599342523351723
2204	64-65	0.8248620381621308
2204	66-67	0.7280745811593192
2204	68-69	0.8209252538268146
2204	70-71	0.878358051201424
2204	72-73	0.9470360781712017
2204	74-75	0.8478238584954738
2204	76-77	0.9297486423236094
2204	78-79	0.8862107013383991
2204	80-81	0.9032719227773853
2204	82-83	0.9444278885859845
2204	84-85	0.9834545781383852
2204	86-87	1.0649265299466215
2204	88-89	1.0602191290680487
2204	90-91	1.0855882111968
2204	92-93	1.0804551671995632
2204	94-95	1.0323205134928308
2204	96-97	1.0115251497549096
2204	98-99	1.054760668466752
2204	100-101	0.8938738822344803
2205	1	0.3995148429135966
2205	2	0.3873986059600938
2205	3	0.3512912662593308
2205	4	0.38414562040333067
2205	5	0.39860048152049643
2205	6	0.378602403559519
2205	7	0.408301090397984
2205	8	0.42889603043002467
2205	9	0.47825229117525936
2205	10-11	0.45349607221127286
2205	12-13	0.41777192170953725
2205	14-15	0.48901936523677847
2205	16-17	0.3094136523654427
2205	18-19	0.3549726062488503
2205	20-21	0.38838718204795697
2205	22-23	0.3488152025057403
2205	24-25	0.3736073605902632
2205	26-27	0.4315103316187745
2205	28-29	0.4001344247974856
2205	30-31	0.43678398015639885
2205	32-33	0.49008956460242104
2205	34-35	0.46824886827734247
2205	36-37	0.42416189788855263
2205	38-39	0.49852104958542753
2205	40-41	0.494428326671688
2205	42-43	0.4930005044441259
2205	44-45	0.528516378236155
2205	46-47	0.5286769427461238
2205	48-49	0.6061615633235533
2205	50-51	0.5861268358474305
2205	52-53	0.6303238137709357
2205	54-55	0.5296628684782334
2205	56-57	0.4788821374406993
2205	58-59	0.5475119233453327
2205	60-61	0.47791784817886906
2205	62-63	0.5607509445450276
2205	64-65	0.36182151038820365
2205	66-67	0.3724402248431673
2205	68-69	0.425257510133612
2205	70-71	0.4953916088504542
2205	72-73	0.5471032495448114
2205	74-75	0.546117768966198
2205	76-77	0.6191286931445177
2205	78-79	0.4615045410398082
2205	80-81	0.4991110781602188
2205	82-83	0.5249710129821636
2205	84-85	0.5534394216612526
2205	86-87	0.6418519640207414
2205	88-89	0.7016266648040492
2205	90-91	0.6837752512476811
2205	92-93	0.6069895466501407
2205	94-95	0.49933068243386813
2205	96-97	0.4632167913341192
2205	98-99	0.5322689857250822
2205	100-101	0.3056608775325529
2206	1	0.19271503642838894
2206	2	0.16066828091549468
2206	3	0.19065647134407726
2206	4	0.21546275207504095
2206	5	0.1954256983186724
2206	6	0.21290705410081046
2206	7	0.2810625060447691
2206	8	0.13096410403887404
2206	9	0.1601010129898981
2206	10-11	0.22727882192194926
2206	12-13	0.22446619370187904
2206	14-15	0.2690074479800515
2206	16-17	0.22614607453488844
2206	18-19	0.20384436752785717
2206	20-21	0.2367953309504145
2206	22-23	0.21558007266654755
2206	24-25	0.14015645051271264
2206	26-27	0.20281875512364422
2206	28-29	0.2687010395728038
2206	30-31	0.2861615351951059
2206	32-33	0.2699216332229142
2206	34-35	0.3015187850964338
2206	36-37	0.24452107077086538
2206	38-39	0.3118903969719682
2206	40-41	0.3071686538174774
2206	42-43	0.29406455690165956
2206	44-45	0.24677972213955712
2206	46-47	0.31427012671759513
2206	48-49	0.27701902963919167
2206	50-51	0.3019760275998209
2206	52-53	0.40050198538047965
2206	54-55	0.30654236745382235
2206	56-57	0.3566646485518774
2206	58-59	0.3234331367807144
2206	60-61	0.1675288018539689
2206	62-63	0.15318140971103134
2206	64-65	0.15986659492234168
2206	66-67	0.1360053331291624
2206	68-69	0.15499151164361535
2206	70-71	0.1649559127831779
2206	72-73	0.24029118291020524
2206	74-75	0.2540123174264082
2206	76-77	0.3347301253414585
2206	78-79	0.24902635000615447
2206	80-81	0.16365038969143342
2206	82-83	0.22526937535210578
2206	84-85	0.2654308078177934
2206	86-87	0.328687880114213
2206	88-89	0.4007322737915544
2206	90-91	0.29219257293199874
2206	92-93	0.2681842835028796
2206	94-95	0.19487246877345754
2206	96-97	0.20453283179451276
2206	98-99	0.24154972882985604
2206	100-101	0.09432566960124689
2207	1	-0.3637262060459534
2207	2	-0.32225820020326523
2207	3	-0.27288876152698904
2207	4	-0.21129524037356617
2207	5	-0.23299788290763246
2207	6	-0.2978052222759544
2207	7	-0.36824395861683
2207	8	-0.2945054680386363
2207	9	-0.41961919794862723
2207	10-11	-0.3420385049697501
2207	12-13	-0.5321476193524006
2207	14-15	-0.6119724104597353
2207	16-17	-0.6569259851743254
2207	18-19	-0.5600796276980091
2207	20-21	-0.5121409335053642
2207	22-23	-0.5690609506645146
2207	24-25	-0.5380233820740372
2207	26-27	-0.5449558663137637
2207	28-29	-0.6203109060922714
2207	30-31	-0.7673166387085999
2207	32-33	-0.8726652605644958
2207	34-35	-1.0225512929900802
2207	36-37	-1.0246542383651374
2207	38-39	-1.072491508186026
2207	40-41	-1.1016577115634263
2207	42-43	-1.153399611504426
2207	44-45	-1.1190726355413787
2207	46-47	-1.0024380860433197
2207	48-49	-1.1586708747897703
2207	50-51	-0.9215659747122729
2207	52-53	-0.9331359373864387
2207	54-55	-0.9692587861674014
2207	56-57	-0.9258426994086406
2207	58-59	-0.8602003068214756
2207	60-61	-0.9325222998078218
2207	62-63	-0.9200324384182892
2207	64-65	-0.9690570312496973
2207	66-67	-0.9990015554522103
2207	68-69	-1.0015038660696973
2207	70-71	-1.2147719357318536
2207	72-73	-1.5064947362658714
2207	74-75	-1.5205169519559547
2207	76-77	-1.2679782438127631
2207	78-79	-1.498420662022383
2207	80-81	-1.520599530317618
2207	82-83	-1.4940496765751234
2207	84-85	-1.571408689581098
2207	86-87	-1.5424038786482335
2207	88-89	-1.5432465773441493
2207	90-91	-1.5704785167505015
2207	92-93	-1.7580845163344456
2207	94-95	-1.9067493252981116
2207	96-97	-2.0010249664844117
2207	98-99	-2.0136674670025663
2207	100-101	-2.110376249929665
2208	1	-0.08923196649664789
2208	2	-0.0828695560817323
2208	3	-0.06993336314317133
2208	4	-0.036611628738342006
2208	5	0.007288216006266168
2208	6	0.02846594184031659
2208	7	0.12129166050430484
2208	8	0.01253987290909464
2208	9	-0.05419198682996296
2208	10-11	-0.08281549154774837
2208	12-13	-0.1291845455268401
2208	14-15	-0.12503423029274074
2208	16-17	-0.19523727501665178
2208	18-19	-0.21138461239929285
2208	20-21	-0.26173548673597224
2208	22-23	-0.2815853951585652
2208	24-25	-0.3379135279447425
2208	26-27	-0.3007972977909006
2208	28-29	-0.2940410775729987
2208	30-31	-0.3368315117158005
2208	32-33	-0.2601252058419661
2208	34-35	-0.24893963111901485
2208	36-37	-0.23969883556957683
2208	38-39	-0.35283248324706307
2208	40-41	-0.38093090874615854
2208	42-43	-0.3776558770497047
2208	44-45	-0.34291463021693147
2208	46-47	-0.2802044420464185
2208	48-49	-0.1879555884181201
2208	50-51	-0.23351779737488698
2208	52-53	-0.1424230248342937
2208	54-55	-0.2734165651836591
2208	56-57	-0.3503969288366946
2208	58-59	-0.2967990491050827
2208	60-61	-0.4006919170390546
2208	62-63	-0.3728921244178238
2208	64-65	-0.4681921431940381
2208	66-67	-0.4850743990290738
2208	68-69	-0.451141646263018
2208	70-71	-0.3478671847823023
2208	72-73	-0.3809390436515585
2208	74-75	-0.4967879735297487
2208	76-77	-0.36971189289148043
2208	78-79	-0.6085837549377473
2208	80-81	-0.5656095449910765
2208	82-83	-0.550212053772885
2208	84-85	-0.49885147932283047
2208	86-87	-0.6156206393919277
2208	88-89	-0.8055201246270975
2208	90-91	-0.8472334266577697
2208	92-93	-0.6899943309032004
2208	94-95	-0.7298161682229924
2208	96-97	-0.7821538777705861
2208	98-99	-0.8502927857289748
2208	100-101	-1.138965589288162
2301	1	0.3970809577742571
2301	2	0.40045705730471326
2301	3	0.39212220970172496
2301	4	0.30665902486355634
2301	5	0.3061686718298091
2301	6	0.30475893904913676
2301	7	0.3899831293379634
2301	8	0.3206459024275716
2301	9	0.43937420024452223
2301	10-11	0.3719277246889092
2301	12-13	0.4035296357395026
2301	14-15	0.4436818842749446
2301	16-17	0.40157926828731405
2301	18-19	0.42419523196297604
2301	20-21	0.41645497653559005
2301	22-23	0.4072333148442837
2301	24-25	0.40996843324058574
2301	26-27	0.38755886702620757
2301	28-29	0.45275663201853433
2301	30-31	0.43269940076820035
2301	32-33	0.4416119645339265
2301	34-35	0.4810135178767041
2301	36-37	0.5170458439450627
2301	38-39	0.4421897093283391
2301	40-41	0.42624423178803283
2301	42-43	0.41155876376849676
2301	44-45	0.5042930427567072
2301	46-47	0.4036977526584167
2301	48-49	0.4721794913488395
2301	50-51	0.46634611766841516
2301	52-53	0.43860810005389084
2301	54-55	0.36003461214964716
2301	56-57	0.3062610457802961
2301	58-59	-0.5996651667619517
2301	60-61	-0.021316897303954363
2301	62-63	0.3019798529610753
2301	64-65	0.35046660862947476
2301	66-67	0.2777805356561345
2301	68-69	0.3346491084784944
2301	70-71	0.3403999532298414
2301	72-73	0.45429356441409396
2301	74-75	0.2997071311669188
2301	76-77	0.15947527991388455
2301	78-79	0.2913397118119079
2301	80-81	0.283996565018235
2301	82-83	0.24022933849494876
2301	84-85	0.14462699251693323
2301	86-87	0.3228250423452117
2301	88-89	0.42060244646010503
2301	90-91	0.2475972315619508
2301	92-93	-0.6032646772041126
2301	94-95	-0.08854274530391493
2301	96-97	0.1391976172614413
2301	98-99	0.23180517972863512
2301	100-101	0.3543533204597331
2302	1	0.285275083214394
2302	2	0.30273225477510834
2302	3	0.3368751308656712
2302	4	0.2829998045298723
2302	5	0.25551716482104325
2302	6	0.33789421975973255
2302	7	-0.4597230040214626
2302	8	0.059885118864798415
2302	9	0.23454741072161767
2302	10-11	0.3536972905129474
2302	12-13	0.3682056686004245
2302	14-15	0.48773234514325026
2302	16-17	0.43640922146950345
2302	18-19	0.43987783847212114
2302	20-21	0.40249968241649015
2302	22-23	0.4266783848586684
2302	24-25	0.4372913648849064
2302	26-27	0.42955540368051714
2302	28-29	0.43186289825723634
2302	30-31	0.31477831102184695
2302	32-33	0.3909882190531917
2302	34-35	0.3890448242097051
2302	36-37	0.3783270606700526
2302	38-39	-0.3999623380969055
2302	40-41	-0.4748341348547598
2302	42-43	0.16273028371653453
2302	44-45	0.364663800807179
2302	46-47	0.39974210833757695
2302	48-49	0.4929586436465101
2302	50-51	0.48505144081376983
2302	52-53	0.4881625590483907
2302	54-55	0.38447931968501337
2302	56-57	0.29988621733608767
2302	58-59	0.35794953648112227
2302	60-61	0.25999428059022023
2302	62-63	0.3444686632597893
2302	64-65	0.3310392910790725
2302	66-67	0.38103979933148224
2302	68-69	0.42014731719682175
2302	70-71	0.3616099868671583
2302	72-73	0.37595323890942467
2302	74-75	0.3146649206103689
2302	76-77	-2.4180334052912684
2302	78-79	-0.35374288258613973
2302	80-81	0.11980966444252061
2302	82-83	0.3018480620399089
2302	84-85	0.42945691997063307
2302	86-87	0.40771262313118584
2302	88-89	0.3738517790509128
2302	90-91	0.4363202642300088
2302	92-93	0.4774424443708405
2302	94-95	0.42536777252245983
2302	96-97	0.5008091793218838
2302	98-99	0.4826465922032561
2302	100-101	0.6105849464600333
2303	1	0.3631373328045129
2303	2	0.30840566778327627
2303	3	0.34129963910395844
2303	4	0.3010071259670468
2303	5	0.30130058358602696
2303	6	0.29601850276910113
2303	7	0.2781926632806062
2303	8	0.30864540133153895
2303	9	0.4117821420829486
2303	10-11	0.2611680170374413
2303	12-13	0.32604196790187245
2303	14-15	0.41871926254191294
2303	16-17	0.33849182732569005
2303	18-19	0.38633360504203296
2303	20-21	0.341575309740179
2303	22-23	0.3558014753611545
2303	24-25	0.2728093969573777
2303	26-27	0.26754748838565234
2303	28-29	0.4066812961322199
2303	30-31	0.37798242985542174
2303	32-33	0.37570508377283574
2303	34-35	0.35187098424081853
2303	36-37	0.48113817168886897
2303	38-39	0.3859744581218436
2303	40-41	0.45436884663781285
2303	42-43	0.28719773858324515
2303	44-45	0.3204675109254893
2303	46-47	0.37699314113989146
2303	48-49	0.47728982006400145
2303	50-51	0.4986285558676755
2303	52-53	0.531128762222167
2303	54-55	0.45303951443583657
2303	56-57	0.44305863873285745
2303	58-59	0.4859351212495113
2303	60-61	0.49865336788108294
2303	62-63	0.45153318505926876
2303	64-65	0.42850882851623595
2303	66-67	0.44234856291782876
2303	68-69	0.44030789536434867
2303	70-71	0.39142069182413053
2303	72-73	0.5550636500253958
2303	74-75	0.5035178054800156
2303	76-77	0.5531964507426821
2303	78-79	0.4514708544265531
2303	80-81	0.437951558567768
2303	82-83	0.47969367614619074
2303	84-85	0.5652916816087981
2303	86-87	0.5444982541229813
2303	88-89	0.5602158772541763
2303	90-91	0.6117542144800332
2303	92-93	0.6640475023570609
2303	94-95	0.5249949531650877
2303	96-97	0.5592532440675662
2303	98-99	0.5708536285554864
2303	100-101	0.587915072937804
2304	1	0.33743227884200877
2304	2	0.32564228903786585
2304	3	0.2998702598764993
2304	4	0.2651745959036731
2304	5	0.24511266548612554
2304	6	0.25854548879357253
2304	7	0.2934266543762689
2304	8	0.24314962303688503
2304	9	0.30529555825099663
2304	10-11	0.2997139329619287
2304	12-13	0.3267980858589681
2304	14-15	0.3918512501143496
2304	16-17	0.32441403565052696
2304	18-19	0.33554327927148364
2304	20-21	0.28595684942031596
2304	22-23	0.3075085508790991
2304	24-25	0.30227746526731636
2304	26-27	0.3264092649154051
2304	28-29	0.3303742222095565
2304	30-31	0.32636439610108425
2304	32-33	0.26798030305187126
2304	34-35	0.31408919853367934
2304	36-37	0.34173654915279883
2304	38-39	0.385142299876982
2304	40-41	0.334425377055922
2304	42-43	0.2794270408415258
2304	44-45	0.3396844323193875
2304	46-47	0.3822774294707898
2304	48-49	0.35081065867019845
2304	50-51	0.43739431668708306
2304	52-53	0.41637623211065744
2304	54-55	0.31990267167766007
2304	56-57	0.29236586753450666
2304	58-59	0.351566619605272
2304	60-61	0.32110520075627136
2304	62-63	0.30262633347019374
2304	64-65	0.3558967475702488
2304	66-67	0.31894575196638186
2304	68-69	0.30220984373674753
2304	70-71	0.3750607470461844
2304	72-73	0.42490711666306424
2304	74-75	0.38002571319862
2304	76-77	0.45011452817042397
2304	78-79	0.3555017195727075
2304	80-81	0.2768148400417374
2304	82-83	0.3882878255941904
2304	84-85	0.5267698492524246
2304	86-87	0.5309460603533758
2304	88-89	0.5685324367850377
2304	90-91	0.5672585414358231
2304	92-93	0.6050904140798643
2304	94-95	0.5257610948952198
2304	96-97	0.5587920036538527
2304	98-99	0.5498281611622353
2304	100-101	0.6034485853903746
2305	1	0.1774440965220947
2305	2	0.1495677119572676
2305	3	0.145960733622978
2305	4	0.14114080130517692
2305	5	0.1382849962204986
2305	6	0.12919848172693804
2305	7	0.2149948957215173
2305	8	0.18749705787079307
2305	9	0.21494524675404136
2305	10-11	0.1810116549173486
2305	12-13	0.15220836388969872
2305	14-15	0.1663302752351683
2305	16-17	0.11539328234746904
2305	18-19	0.1513724168845485
2305	20-21	0.11576954046417143
2305	22-23	0.10769543677441362
2305	24-25	0.09485695728150034
2305	26-27	0.10065393201775663
2305	28-29	-0.03752148336499772
2305	30-31	0.07039186899054073
2305	32-33	0.1287533722898786
2305	34-35	0.1414033796355909
2305	36-37	0.19310020246997084
2305	38-39	0.19998441737667605
2305	40-41	0.1769241430388533
2305	42-43	0.17098567339415638
2305	44-45	0.152331650267989
2305	46-47	0.18886088004027357
2305	48-49	0.22151525274650652
2305	50-51	0.24490119998051085
2305	52-53	0.2536794601195069
2305	54-55	0.11883835727456216
2305	56-57	0.06615727157413431
2305	58-59	0.16522879128326196
2305	60-61	0.1389135976767264
2305	62-63	0.17440749070372874
2305	64-65	0.09680734592497942
2305	66-67	0.04410059181739001
2305	68-69	-0.004414871216134486
2305	70-71	0.08597948000436162
2305	72-73	0.25597484757312117
2305	74-75	0.23588860567095793
2305	76-77	0.26311518319793237
2305	78-79	0.149597968366443
2305	80-81	0.15812617089000724
2305	82-83	0.17687137513492246
2305	84-85	0.23288155680513967
2305	86-87	0.22053394791068115
2305	88-89	0.2667304720767838
2305	90-91	0.28178399514406394
2305	92-93	0.20520367384459348
2305	94-95	0.05008829336426146
2305	96-97	0.10523372093495809
2305	98-99	0.0796748644778873
2305	100-101	0.09439944825235358
2306	1	-0.1528398484580613
2306	2	-0.1470140563369995
2306	3	-0.11259239088947481
2306	4	-0.36069682808882675
2306	5	-0.45069306598688286
2306	6	-0.27206989579311625
2306	7	-0.1260781792565311
2306	8	-0.09260053263044199
2306	9	-0.1014205298958828
2306	10-11	-0.14842317771088887
2306	12-13	-0.10551016211252318
2306	14-15	-0.15839914687808943
2306	16-17	-0.1964092382960061
2306	18-19	-0.36688255594063435
2306	20-21	-0.31386214485820574
2306	22-23	-0.16128365427032065
2306	24-25	-0.5421678989801535
2306	26-27	-0.3869687475007808
2306	28-29	-0.43323716379497057
2306	30-31	-0.28515483589519874
2306	32-33	-0.24069894250205692
2306	34-35	-0.37861838847399554
2306	36-37	-0.21327581099564696
2306	38-39	-0.17302569335111428
2306	40-41	-0.24458538738523572
2306	42-43	-0.3301067437681553
2306	44-45	-0.40801752051330453
2306	46-47	-0.5161385588964791
2306	48-49	-0.37154402423834654
2306	50-51	-0.242162940075211
2306	52-53	-0.1951659632241345
2306	54-55	-0.3044253536741408
2306	56-57	-0.35905913952026225
2306	58-59	-0.41406772554201154
2306	60-61	-0.4343011021373755
2306	62-63	-0.4642576810814276
2306	64-65	-0.5733458833044196
2306	66-67	-0.5742250405128786
2306	68-69	-0.6654626820059164
2306	70-71	-0.6700865828453146
2306	72-73	-0.5482621878608924
2306	74-75	-0.3552713019486333
2306	76-77	-0.3320587236528709
2306	78-79	-0.4111390859468358
2306	80-81	-0.4316320922190826
2306	82-83	-0.44062994330973027
2306	84-85	-0.400315227251653
2306	86-87	-0.3895580813987074
2306	88-89	-0.395708399264759
2306	90-91	-0.3363157646295072
2306	92-93	-0.38922443225554915
2306	94-95	-0.5136902063341289
2306	96-97	-0.48537117324076107
2306	98-99	-0.5480092757875283
2306	100-101	-0.6117905021861105
2307	1	-0.5507585930345051
2307	2	-0.49401271441834993
2307	3	-0.4508161060118816
2307	4	-0.4127307687719721
2307	5	-0.7682468173575714
2307	6	-0.6879373543364338
2307	7	-0.6823180606459474
2307	8	-0.5694241688846446
2307	9	-0.5123459398080783
2307	10-11	-0.5102317847848568
2307	12-13	-0.5615548278411353
2307	14-15	-0.7020263878588437
2307	16-17	-0.6467315708192416
2307	18-19	-0.949704538898466
2307	20-21	-0.7542673825486759
2307	22-23	-0.7436300066564527
2307	24-25	-0.7602497463323274
2307	26-27	-0.7027085937505646
2307	28-29	-0.9372218076521648
2307	30-31	-0.9330184720561903
2307	32-33	-0.951335958747066
2307	34-35	-1.1190627051164341
2307	36-37	-1.0706551915121452
2307	38-39	-1.0888101696198405
2307	40-41	-1.1359802850422156
2307	42-43	-1.1937859652058762
2307	44-45	-1.1414848480438664
2307	46-47	-1.1860552061954408
2307	48-49	-1.170949954506348
2307	50-51	-1.152304005424888
2307	52-53	-1.1288156344061093
2307	54-55	-1.0542578612551239
2307	56-57	-1.0230871668996926
2307	58-59	-1.1201892323492544
2307	60-61	-1.1095866487149095
2307	62-63	-1.0358500834766247
2307	64-65	-0.9525767589200385
2307	66-67	-0.9552153473136542
2307	68-69	-1.1507604364430435
2307	70-71	-1.2519323152347184
2307	72-73	-1.416962128805686
2307	74-75	-1.4296858137176756
2307	76-77	-1.2748660009980668
2307	78-79	-1.5287108952607014
2307	80-81	-1.543323261939996
2307	82-83	-1.5454051604870216
2307	84-85	-1.620434819923208
2307	86-87	-1.7003281824006784
2307	88-89	-1.643546068789938
2307	90-91	-1.5824063163743034
2307	92-93	-1.7789063671225058
2307	94-95	-1.9279341355285915
2307	96-97	-1.9578268541640185
2307	98-99	-2.024862142804171
2307	100-101	-2.2162702759543578
2308	1	-0.5969277608026928
2308	2	-0.5544000528917934
2308	3	-0.5092892810692113
2308	4	-0.4543020903890138
2308	5	-0.4421168333507879
2308	6	-0.42689284416838547
2308	7	-0.3425775709219323
2308	8	-0.5450850871322999
2308	9	-0.5931089868385584
2308	10-11	-0.6157897888315134
2308	12-13	-0.5970045382756624
2308	14-15	-0.736140767394545
2308	16-17	-0.7655773240747052
2308	18-19	-0.793569595190796
2308	20-21	-0.8669850894084945
2308	22-23	-0.8049484450613065
2308	24-25	-0.9625272757805874
2308	26-27	-0.8734509901974334
2308	28-29	-0.870838041785774
2308	30-31	-0.8751883455775911
2308	32-33	-0.7908695887099881
2308	34-35	-0.7487746171138028
2308	36-37	-0.8194476879231445
2308	38-39	-0.7614004836455663
2308	40-41	-0.726211206099002
2308	42-43	-0.8654127582386621
2308	44-45	-0.8501352908143716
2308	46-47	-0.8733719205837005
2308	48-49	-0.7621697356150037
2308	50-51	-0.732780077030867
2308	52-53	-0.784858102140312
2308	54-55	-0.8926827126093357
2308	56-57	-0.9535165571657487
2308	58-59	-0.9287789548773517
2308	60-61	-1.0552445996491215
2308	62-63	-1.0202284458308668
2308	64-65	-1.107571987428777
2308	66-67	-1.1210926890493198
2308	68-69	-1.11869119495001
2308	70-71	-1.2312777656653893
2308	72-73	-1.174533249795644
2308	74-75	-1.2225829489011062
2308	76-77	-1.3844860374306123
2308	78-79	-1.3378988543449424
2308	80-81	-1.2608948659062271
2308	82-83	-1.2945977396584496
2308	84-85	-1.2884041592552578
2308	86-87	-1.3489782146465288
2308	88-89	-1.46482147850001
2308	90-91	-1.3769843594465563
2308	92-93	-1.3092376844342368
2308	94-95	-1.3215681278271312
2308	96-97	-1.409243245060111
2308	98-99	-1.5914252446504236
2308	100-101	-1.8383642146093528
>>END_MODULE
>>Per sequence quality scores	pass
#Quality	Count
2	792444.0
3	182715.0
4	159231.0
5	193451.0
6	216703.0
7	274658.0
8	431367.0
9	359628.0
10	393620.0
11	414770.0
12	432800.0
13	458419.0
14	473895.0
15	487208.0
16	509449.0
17	535260.0
18	568394.0
19	616797.0
20	676986.0
21	758461.0
22	862692.0
23	988741.0
24	1153545.0
25	1348286.0
26	1592067.0
27	1893258.0
28	2250968.0
29	2674824.0
30	3239856.0
31	3990887.0
32	5021333.0
33	6499133.0
34	8815930.0
35	1.2738809E7
36	2.0187639E7
37	3.4265871E7
38	4.4588923E7
39	1.6925354E7
40	122606.0
>>END_MODULE
>>Per base sequence content	pass
#Base	G	A	T	C
1	20.450547353824252	32.91220056908269	28.929725555112245	17.707526521980814
2	19.81898854265555	33.30756101777074	29.926637678169083	16.946812761404626
3	19.373209604916212	31.164879744593595	30.992219808544284	18.46969084194591
4	20.27261708335156	30.23006046115459	30.738704118791244	18.75861833670261
5	20.483581698961697	30.7428144224573	30.26643520869019	18.507168669890817
6	20.201534654076138	30.8292380390931	29.43966358045455	19.52956372637621
7	20.33473674401363	30.503358193102926	30.39077321402839	18.771131848855056
8	19.383894916405943	30.87536363624596	30.48517099113181	19.255570456216287
9	19.516415240469502	30.407560732887973	30.781202204808277	19.294821821834248
10-11	19.515619685344713	30.74333356885848	30.831135361344437	18.90991138445238
12-13	19.37942484342848	30.58512246355334	31.092372258432054	18.943080434586125
14-15	19.434145302412656	30.47421036289368	31.083704600689927	19.007939734003745
16-17	19.571619663535085	30.398756796076626	30.98439667387889	19.045226866509395
18-19	19.638907554922575	30.285515837648575	30.89065026641751	19.184926341011344
20-21	19.66619608868091	30.271843291322014	30.841199048521297	19.22076157147578
22-23	19.703851158210103	30.28784671538332	30.78657323950042	19.22172888690616
24-25	19.77628122556689	30.27202254830704	30.677648473018372	19.2740477531077
26-27	19.759528244791294	30.282821648038112	30.66718614458075	19.29046396258985
28-29	19.826133944891588	30.31142907319563	30.59690967202529	19.265527309887492
30-31	19.81389500920745	30.297219105671974	30.567654723065107	19.321231162055472
32-33	19.814721332875287	30.32784103231475	30.555305291630376	19.302132343179593
34-35	19.834190541450855	30.345790957177975	30.5257484172441	19.294270084127067
36-37	19.83757639456659	30.322176591369416	30.504915726700883	19.33533128736311
38-39	19.856656157881915	30.30645790243623	30.501960249520288	19.33492569016157
40-41	19.875457363961395	30.31675826647509	30.500535702501068	19.307248667062442
42-43	19.85207344595721	30.305771709521125	30.489451211965214	19.35270363255645
44-45	19.849518628826555	30.307131172641387	30.503178342786867	19.34017185574519
46-47	19.843350831645278	30.319755875241576	30.50762196384269	19.329271329270455
48-49	19.83653552764051	30.310960475423173	30.48946960275616	19.363034394180158
50-51	19.82397586654626	30.312800992924142	30.51857619002502	19.344646950504575
52-53	19.81689348406167	30.32599243412788	30.530165026179574	19.32694905563088
54-55	19.826104399824278	30.30384565273116	30.51605582155929	19.353994125885272
56-57	19.811581336519918	30.30844452701192	30.53325304300291	19.346721093465252
58-59	19.85465962192071	30.322945440599895	30.51082827449595	19.311566662983445
60-61	19.81497556582326	30.31587566122252	30.52055333119602	19.3485954417582
62-63	19.791064623143807	30.333149281250844	30.545465667259148	19.3303204283462
64-65	19.79133772711481	30.3410557605474	30.559890005114816	19.307716507222977
66-67	19.77243024748905	30.327980158660356	30.557317056867955	19.342272536982637
68-69	19.765663313040235	30.339362846142095	30.570752464387912	19.324221376429758
70-71	19.765171971954857	30.351666001748605	30.58086757637888	19.302294449917657
72-73	19.766617089972883	30.33439460400163	30.57204282462112	19.32694548140437
74-75	19.74855536045233	30.35154758702463	30.590698341868173	19.309198710654872
76-77	19.780422726031716	30.34915060212337	30.59273740720851	19.277689264636404
78-79	19.745740238258634	30.351833042988613	30.58725340935086	19.31517330940189
80-81	19.726576079387367	30.354124098877	30.619120067878903	19.30017975385673
82-83	19.747824383788988	30.36755391144875	30.604404438354464	19.2802172664078
84-85	19.750546247644323	30.341736719024393	30.607860592306206	19.299856441025078
86-87	19.7292206195507	30.357577365611665	30.61576838799326	19.29743362684438
88-89	19.74491608613492	30.37088471800853	30.62100507467082	19.26319412118573
90-91	19.73867113415369	30.35408136876161	30.626817471141592	19.280430025943105
92-93	19.75914823716297	30.35782508220001	30.616501736967166	19.266524943669854
94-95	19.7327452331688	30.39199456948814	30.624453582553762	19.250806614789298
96-97	19.723259555227077	30.376304605917486	30.621309724665107	19.27912611419033
98-99	19.725796574298286	30.373094976142244	30.63822461257176	19.26288383698771
100-101	19.837012624800764	30.327429207105965	30.576413886283465	19.259144281809803
>>END_MODULE
>>Per sequence GC content	warn
#GC Content	Count
0	6877.0
1	10314.5
2	17785.0
3	23966.5
4	27767.0
5	32184.5
6	38615.0
7	47109.0
8	56178.5
9	64427.5
10	72515.5
11	82810.0
12	101114.5
13	132574.5
14	183630.5
15	262658.0
16	366335.0
17	485034.5
18	621748.0
19	781986.5
20	967269.5
21	1180277.0
22	1415212.5
23	1681226.0
24	1991476.0
25	2345113.0
26	2756596.5
27	3237078.0
28	3780954.0
29	4363581.5
30	4970578.5
31	5583027.0
32	6181607.5
33	6735229.0
34	7186941.5
35	7537442.0
36	7789774.5
37	7912239.0
38	7915333.5
39	7799898.5
40	7569126.0
41	7241792.0
42	6830410.5
43	6362323.5
44	5873144.0
45	5367516.5
46	4849491.0
47	4362494.0
48	3891529.5
49	3428327.0
50	2996017.0
51	2601054.0
52	2256545.5
53	1967622.0
54	1715489.5
55	1491389.5
56	1300254.5
57	1136979.5
58	1004454.5
59	897462.5
60	806831.5
61	729923.0
62	665038.0
63	608306.0
64	558734.5
65	519136.0
66	484877.0
67	452685.0
68	422704.5
69	393743.0
70	364986.0
71	333698.5
72	300039.5
73	267670.0
74	237598.5
75	209368.0
76	181302.0
77	153204.0
78	124180.0
79	97430.0
80	76257.0
81	59111.5
82	44625.5
83	33080.5
84	23803.5
85	16879.5
86	12072.0
87	8586.0
88	6154.0
89	4440.5
90	3257.0
91	2487.5
92	2022.5
93	1650.5
94	1310.0
95	1029.0
96	768.0
97	573.0
98	406.5
99	273.5
100	188.0
>>END_MODULE
>>Per base N content	pass
#Base	N-Count
1	0.2479553583441489
2	0.25936655702265765
3	0.2680073549591616
4	0.26791470880544643
5	0.2557685173074638
6	0.2439850495385722
7	0.2550717059331574
8	0.2297108039643435
9	0.2972706252208277
10-11	0.2534585398748316
12-13	0.23467607631163737
14-15	0.2467840863644525
16-17	0.24807355237661585
18-19	0.2582873697048358
20-21	0.24919962426313602
22-23	0.2525135491069366
24-25	0.26917132754492895
26-27	0.21197439970037
28-29	0.21779089367816223
30-31	0.17983685270617
32-33	0.11934424850263321
34-35	0.14471132688169475
36-37	0.18170914724897802
38-39	0.18733557623869396
40-41	0.185779401602199
42-43	0.1889608143715948
44-45	0.1810333918186978
46-47	0.08722073880445068
48-49	0.08724263698623791
50-51	0.26260889165676915
52-53	0.24000435313394258
54-55	0.24882202100026649
56-57	0.24568665056180797
58-59	0.2521264004827752
60-61	0.262326461260898
62-63	0.25865963879521864
64-65	0.27972091699388635
66-67	0.24571051396503762
68-69	0.25416714257779266
70-71	0.23495233029726084
72-73	0.23681339500325493
74-75	0.26689672409826065
76-77	0.26929064456107726
78-79	0.28431307801303624
80-81	0.25401273232160065
82-83	0.23603011388548095
84-85	0.2562620686354375
86-87	0.263990442330807
88-89	0.27540192175523603
90-91	0.297025534032363
92-93	0.2847445844926128
94-95	0.2578432296588435
96-97	0.2633713975764373
98-99	0.27316886870477947
100-101	0.269981279525136
>>END_MODULE
>>Sequence Length Distribution	pass
#Length	Count
101	1.78096978E8
>>END_MODULE
>>Sequence Duplication Levels	warn
#Total Deduplicated Percentage	69.92256465991274
#Duplication Level	Percentage of deduplicated	Percentage of total
1	78.06717220300578	54.58656896181214
2	16.071041518786206	22.474568794989413
3	3.784278244478443	7.938193207219349
4	0.9603889910631973	2.686114453051391
5	0.3422348088020185	1.1964967773666007
6	0.16015488073551187	0.6719064002297664
7	0.0874560775946807	0.4280607268361485
8	0.06796103357419299	0.38016078115568075
9	0.04261679032747698	0.2681887749543857
>10	0.35022667617519276	5.844139722089145
>50	0.05794806112167703	2.6834027882198552
>100	0.008479082362091644	0.818021946664737
>500	3.0205493057413192E-5	0.014530229023376024
>1k	1.1426480461374088E-5	0.009646436388208812
>5k	0.0	0.0
>10k+	0.0	0.0
>>END_MODULE
>>Overrepresented sequences	pass
>>END_MODULE
>>Adapter Content	pass
#Position	Illumina Universal Adapter	Illumina Small RNA 3' Adapter	Illumina Small RNA 5' Adapter	Nextera Transposase Sequence	SOLID Small RNA Adapter
1	7.860885769774263E-4	1.1229836813963232E-6	5.614918406981616E-7	1.1229836813963232E-6	2.2459673627926464E-6
2	8.624514673123763E-4	2.2459673627926464E-6	1.1229836813963232E-6	3.36895104418897E-6	2.8074592034908083E-6
3	0.001017423215345069	5.053426566283455E-6	1.684475522094485E-6	6.176410247679778E-6	5.614918406981617E-6
4	0.0011229836813963234	5.053426566283455E-6	3.930442884887131E-6	7.860885769774263E-6	6.73790208837794E-6
5	0.0013122064317116038	6.73790208837794E-6	5.614918406981617E-6	9.545361291868748E-6	7.299393929076101E-6
6	0.0015008676901861861	8.422377610472425E-6	6.176410247679778E-6	1.1229836813963233E-5	7.860885769774263E-6
7	0.0017249029346247525	1.0668344973265071E-5	6.73790208837794E-6	1.4598787858152202E-5	9.545361291868748E-6
8	0.001942200276974941	1.4037296017454042E-5	7.299393929076101E-6	1.796773890234117E-5	1.2914312336057719E-5
9	0.0022004865236960954	1.684475522094485E-5	8.422377610472425E-6	2.021370626513382E-5	1.4037296017454042E-5
10-11	0.002563490998707457	1.8809976663388417E-5	8.983869451170587E-6	2.3582657309322788E-5	1.6844755220944846E-5
12-13	0.003160637571289952	2.0213706265133817E-5	9.82610721221783E-6	3.22857808401443E-5	2.386340322967187E-5
14-15	0.003748238782580578	2.302116546862463E-5	1.038759905291599E-5	4.2392633972711205E-5	2.5267132831417273E-5
16-17	0.004380478595206709	2.8636083875606244E-5	1.2914312336057719E-5	4.68845686982965E-5	2.6109370592464516E-5
18-19	0.0050593222306107855	3.256652676049338E-5	1.4879533778501284E-5	5.586843814946708E-5	2.7513100194209922E-5
20-21	0.005739850341536958	3.621622372503143E-5	1.740624706164301E-5	6.260634023784502E-5	3.060130531804981E-5
22-23	0.006431889035197442	3.930442884887132E-5	1.9090722583737496E-5	6.850200456517573E-5	3.36895104418897E-5
24-25	0.0071115749083625664	4.1269650291314884E-5	2.0494452185482902E-5	7.636289033494998E-5	3.593547780468234E-5
26-27	0.007760378730289293	4.295412581340937E-5	2.1898181787228302E-5	8.169706282158252E-5	3.733920740642775E-5
28-29	0.008346576211978173	4.491934725585293E-5	2.2740419548275545E-5	8.618899754716782E-5	4.2111888052362126E-5
30-31	0.00891227924148157	4.7446060538994654E-5	2.3021165468624627E-5	9.489212107798931E-5	4.491934725585293E-5
32-33	0.009448784695268664	5.193799526457995E-5	2.5267132831417273E-5	9.96648017239237E-5	4.660382277794742E-5
34-35	0.009987255370498202	5.4183962627372595E-5	2.667086243316268E-5	1.0471822829020714E-4	4.856904422039098E-5
36-37	0.010493440264887594	5.727216775121249E-5	3.088205123839889E-5	1.0836792525474519E-4	5.193799526457995E-5
38-39	0.010983903387737439	6.00796269547033E-5	3.256652676049338E-5	1.1257911405998141E-4	5.5026200388419845E-5
40-41	0.011472682035065188	6.372932391924135E-5	3.284727268084246E-5	1.2072074575010476E-4	5.671067591051432E-5
42-43	0.012030243432878462	6.681752904308123E-5	3.4251002282587864E-5	1.2745864783848267E-4	5.783365959191065E-5
44-45	0.012588927814373135	7.01864800872702E-5	3.6496969645380506E-5	1.3531953360825698E-4	6.036037287505238E-5
46-47	0.013141155039699776	7.271319337041193E-5	3.761995332677683E-5	1.4009221425419135E-4	6.260634023784502E-5
48-49	0.013718930143778185	7.46784148128555E-5	4.0146666609918556E-5	1.4542638674082387E-4	6.569454536168491E-5
50-51	0.014330675504218831	7.720512809599722E-5	4.3515617654107526E-5	1.4991832146640915E-4	6.87827504855248E-5
52-53	0.014980321563906603	7.945109545878988E-5	4.6042330937249254E-5	1.5497174803269262E-4	7.271319337041193E-5
54-55	0.015664218625876965	8.478526794542241E-5	4.7446060538994654E-5	1.5749846131583433E-4	7.60821444146009E-5
56-57	0.01639864995351016	9.040018635240402E-5	4.884979014074006E-5	1.6030592051932517E-4	7.91703495384408E-5
58-59	0.01716508631606315	9.573435883903657E-5	5.0534265662834546E-5	1.639556174838632E-4	8.169706282158253E-5
60-61	0.017985145149402817	9.882256396287645E-5	5.221874118492903E-5	1.6620158484665585E-4	8.394303018437516E-5
62-63	0.018853492281042522	1.0106853132566909E-4	5.362247078667444E-5	1.7125501141293932E-4	8.562750570646966E-5
64-65	0.019798483048937526	1.038759905291599E-4	5.5026200388419845E-5	1.774314216606191E-4	8.983869451170587E-5
66-67	0.020792885098813975	1.0752568749369795E-4	5.727216775121249E-5	1.8501156151004425E-4	9.404988331694207E-5
68-69	0.02185101647260966	1.1005240077683969E-4	5.8675897352957894E-5	1.9006498807632772E-4	9.545361291868748E-5
70-71	0.022980176564253663	1.1285985998033049E-4	5.951813511400514E-5	1.9820661976645106E-4	9.79803262018292E-5
72-73	0.024267115863133848	1.1959776206870843E-4	5.951813511400514E-5	2.0157557081064003E-4	9.910330988322553E-5
74-75	0.025675618145525186	1.2296671311289741E-4	6.344857799889227E-5	2.080327269786689E-4	1.0219151500706542E-4
76-77	0.027203998935905582	1.243704427146428E-4	6.541379944133584E-5	2.1308615354495233E-4	1.0359524460881083E-4
78-79	0.028864330308850047	1.288623774402281E-4	6.73790208837794E-5	2.1926256379263212E-4	1.052797201309053E-4
80-81	0.030795020003090673	1.316698366437189E-4	6.906349640587388E-5	2.2459673627926464E-4	1.083679252547452E-4
82-83	0.03299691025638851	1.3475804176755877E-4	6.962498824657204E-5	2.296501628455481E-4	1.0892941709544336E-4
84-85	0.03552615025281339	1.4121519793558766E-4	7.215170152971378E-5	2.3666881085427515E-4	1.1005240077683969E-4
86-87	0.03841446428136473	1.448648949001257E-4	7.411692297215734E-5	2.4172223742055857E-4	1.1145613037858508E-4
88-89	0.04184630241171189	1.4739160818326745E-4	7.552065257390275E-5	2.4677566398684204E-4	1.1342135182102866E-4
90	0.04470710334006903	1.4879533778501284E-4	7.636289033494998E-5	2.5323282015487093E-4	1.1510582734312313E-4
>>END_MODULE
