##FastQC	0.11.9
>>Basic Statistics	pass
#Measure	Value
Filename	ET_385_2.fq.gz
File type	Conventional base calls
Encoding	Sanger / Illumina 1.9
Total Sequences	221202343
Sequences flagged as poor quality	0
Sequence length	101
%GC	36
>>END_MODULE
>>Per base sequence quality	pass
#Base	Mean	Median	Lower Quartile	Upper Quartile	10th Percentile	90th Percentile
1	30.7494960801568	31.0	31.0	34.0	27.0	34.0
2	30.93942283423282	31.0	31.0	34.0	27.0	34.0
3	30.991253944358085	31.0	31.0	34.0	27.0	34.0
4	34.50146770371234	37.0	35.0	37.0	30.0	37.0
5	34.446241832980945	37.0	35.0	37.0	30.0	37.0
6	34.449038381116964	37.0	35.0	37.0	30.0	37.0
7	34.46115323471054	37.0	35.0	37.0	30.0	37.0
8	34.430113640342405	37.0	35.0	37.0	30.0	37.0
9	35.887238852619205	39.0	35.0	39.0	30.0	39.0
10-11	35.866079404502514	39.0	35.0	39.0	30.0	39.0
12-13	35.81877368948122	39.0	35.0	39.0	30.0	39.0
14-15	36.87058859046533	39.0	36.0	41.0	30.0	41.0
16-17	36.75463332456655	39.0	36.0	41.0	30.0	41.0
18-19	36.818528798313864	39.0	36.0	41.0	30.0	41.0
20-21	36.75430305907746	39.0	36.0	41.0	30.0	41.0
22-23	36.63063883098201	39.0	36.0	41.0	30.0	41.0
24-25	36.56626598209224	39.0	36.0	41.0	29.5	41.0
26-27	36.39559951903402	39.0	36.0	41.0	29.0	41.0
28-29	36.182004686089606	39.0	35.0	41.0	28.0	41.0
30-31	36.07365941869793	39.0	35.0	40.5	27.0	41.0
32-33	36.09737633746492	39.0	35.0	41.0	27.0	41.0
34-35	36.05165454101903	39.0	35.0	41.0	27.0	41.0
36-37	35.96605727860667	39.0	35.0	41.0	27.0	41.0
38-39	35.84102964271043	39.0	35.0	41.0	27.0	41.0
40-41	35.71437783550059	39.0	35.0	40.0	27.0	41.0
42-43	35.56924002608779	38.5	34.5	40.0	26.5	41.0
44-45	35.38990363904057	38.0	34.0	40.0	26.0	41.0
46-47	35.24188886190957	38.0	34.0	40.0	25.5	41.0
48-49	35.032499366428496	38.0	34.0	40.0	25.0	41.0
50-51	34.43273601536852	37.5	33.0	39.5	24.0	40.5
52-53	34.378482928184894	38.0	33.0	40.0	24.0	40.5
54-55	34.534659754937586	38.0	33.0	40.0	24.0	41.0
56-57	34.44047015360954	38.0	33.0	40.0	24.0	41.0
58-59	34.22059103144309	38.0	33.0	40.0	23.0	41.0
60-61	33.993170153717585	37.5	33.0	40.0	23.0	41.0
62-63	33.746241476293946	37.0	32.0	40.0	23.0	41.0
64-65	33.67702525194319	37.0	32.0	40.0	22.0	41.0
66-67	33.490911771219345	37.0	32.0	40.0	22.0	41.0
68-69	33.18042789899381	36.0	32.0	39.0	22.0	41.0
70-71	32.83339151158991	36.0	31.0	39.0	21.0	41.0
72-73	32.369947381163136	35.0	31.0	39.0	19.5	40.5
74-75	32.05150698381165	35.0	31.0	38.0	19.0	40.0
76-77	31.750541808230302	35.0	31.0	37.5	18.5	40.0
78-79	31.339959418965105	35.0	30.5	37.0	17.5	39.0
80-81	30.950587673024785	35.0	30.0	36.5	14.5	39.0
82-83	30.521296612124946	34.0	30.0	36.0	12.0	39.0
84-85	30.062635622715803	34.0	29.0	36.0	7.5	37.5
86-87	29.622238732344712	34.0	29.0	35.0	7.0	37.0
88-89	29.19337065973121	34.0	29.0	35.0	2.0	36.5
90-91	28.796337423966616	34.0	29.0	35.0	2.0	36.0
92-93	28.51755409525658	34.0	29.0	35.0	2.0	36.0
94-95	28.140101422885923	34.0	27.5	35.0	2.0	36.0
96-97	27.689247656386712	34.0	27.0	35.0	2.0	35.5
98-99	27.17178897603268	34.0	26.0	35.0	2.0	35.0
100-101	25.75181736207921	32.5	22.5	34.5	2.0	35.0
>>END_MODULE
>>Per tile sequence quality	pass
#Tile	Base	Mean
1101	1	0.398067123995947
1101	2	0.4063709313512618
1101	3	0.4401495234654682
1101	4	0.41250910653976547
1101	5	0.4768904687086817
1101	6	0.5686943078981415
1101	7	0.5804647538582799
1101	8	0.5522051164465722
1101	9	0.6637957901905551
1101	10-11	0.5965209244276224
1101	12-13	0.7106734625788889
1101	14-15	0.8357018629612227
1101	16-17	0.8831165532291081
1101	18-19	0.6367690243405093
1101	20-21	0.7998350253802613
1101	22-23	0.8649546812266138
1101	24-25	0.8602957480014481
1101	26-27	0.7882281691706226
1101	28-29	0.8039028520422775
1101	30-31	0.8186161665862883
1101	32-33	0.8535184870382864
1101	34-35	0.810741934816285
1101	36-37	0.8967089730351958
1101	38-39	0.7043256079150595
1101	40-41	0.6688180078961139
1101	42-43	0.7695306285616397
1101	44-45	0.7556709475965988
1101	46-47	0.8089727456436364
1101	48-49	0.9354295121487652
1101	50-51	0.8500320675229602
1101	52-53	0.7163960553138082
1101	54-55	0.6617497083920156
1101	56-57	0.8150934029162613
1101	58-59	0.9598876668797729
1101	60-61	0.795119981255759
1101	62-63	1.0701549748894053
1101	64-65	0.9765355206492998
1101	66-67	0.8531735314420885
1101	68-69	1.09372419178613
1101	70-71	1.1383730368613882
1101	72-73	1.106881849902237
1101	74-75	1.1271883277767785
1101	76-77	1.1972409899363328
1101	78-79	1.0735560997191484
1101	80-81	1.1075007413789173
1101	82-83	1.0600826989911063
1101	84-85	1.0620253818873842
1101	86-87	1.1259743573442265
1101	88-89	1.0479018173609376
1101	90-91	1.147921164366263
1101	92-93	1.094162199847034
1101	94-95	1.1933443489963587
1101	96-97	1.1271890179970256
1101	98-99	1.2629275913068483
1101	100-101	1.522151902631709
1102	1	0.3689019491628649
1102	2	0.3761630246981902
1102	3	0.4326571756525759
1102	4	0.3262762016233509
1102	5	0.40629177720460063
1102	6	0.3806750641316512
1102	7	0.4428788851585068
1102	8	0.4211593745445583
1102	9	0.48341152051759195
1102	10-11	0.5106233474768018
1102	12-13	0.42310162706960597
1102	14-15	0.6383120432374199
1102	16-17	0.5667181194930677
1102	18-19	0.6207480595794337
1102	20-21	0.6154654268792257
1102	22-23	0.5339670462680459
1102	24-25	0.5583398691783827
1102	26-27	0.7075471256602057
1102	28-29	0.6533473769573348
1102	30-31	0.5490506980584371
1102	32-33	0.6453365177329644
1102	34-35	0.5654403940894355
1102	36-37	0.603235127017939
1102	38-39	0.7068370480909749
1102	40-41	0.6529217098217472
1102	42-43	0.6550546780373168
1102	44-45	0.6595964554659162
1102	46-47	0.7145060152118319
1102	48-49	0.5975517148133136
1102	50-51	0.6671326950723966
1102	52-53	0.531727791520126
1102	54-55	0.6353264847092461
1102	56-57	0.7090209384170336
1102	58-59	0.81021900733694
1102	60-61	0.6089694915304662
1102	62-63	0.6243988259801014
1102	64-65	0.7048112794873234
1102	66-67	0.8576151771261564
1102	68-69	0.6936621899177311
1102	70-71	0.7554983354022866
1102	72-73	0.7894335582138154
1102	74-75	0.7969008594261737
1102	76-77	0.8081622458329178
1102	78-79	0.7824732774621665
1102	80-81	0.7260356232551004
1102	82-83	0.8174489074094247
1102	84-85	0.8463121356980103
1102	86-87	0.8577569207554134
1102	88-89	0.6879305249961263
1102	90-91	0.7859643975400665
1102	92-93	0.9525881251976109
1102	94-95	0.9389080912248353
1102	96-97	0.9197938120827516
1102	98-99	0.949405550390253
1102	100-101	1.1146255720742602
1103	1	0.23849342819715247
1103	2	0.2496529210791678
1103	3	0.30663575247793773
1103	4	0.25811238990101515
1103	5	0.33905484533546826
1103	6	0.2567325913861609
1103	7	0.31357934499386175
1103	8	0.25588506480906403
1103	9	0.26870999337246815
1103	10-11	0.3504788894774862
1103	12-13	0.433649016071314
1103	14-15	0.3747967208873746
1103	16-17	0.5176629700394244
1103	18-19	0.47242008628779786
1103	20-21	0.515026618121631
1103	22-23	0.6564557364043679
1103	24-25	0.5483182310011898
1103	26-27	0.4719347094253692
1103	28-29	0.5348042258595029
1103	30-31	0.6308463674534153
1103	32-33	0.5226077652756302
1103	34-35	0.5580484020852481
1103	36-37	0.5380038322833158
1103	38-39	0.6191930467298548
1103	40-41	0.5733400544175424
1103	42-43	0.6396948305976764
1103	44-45	0.5365341706684887
1103	46-47	0.6535540697457023
1103	48-49	0.6768400960795375
1103	50-51	0.5612581988482219
1103	52-53	0.4921477837067698
1103	54-55	0.6079359429176492
1103	56-57	0.751516031254404
1103	58-59	0.852853734032486
1103	60-61	0.8231457392960877
1103	62-63	0.7462285501475208
1103	64-65	0.75251712285975
1103	66-67	0.8927894166191876
1103	68-69	0.8653827966216383
1103	70-71	0.7533255267300802
1103	72-73	0.7061984824210654
1103	74-75	0.7397579107190566
1103	76-77	0.9192391430242353
1103	78-79	0.9707615710201125
1103	80-81	0.9562735324436602
1103	82-83	1.003393380215993
1103	84-85	0.9425752716628502
1103	86-87	0.8743776386410218
1103	88-89	0.7364126239231652
1103	90-91	0.7950060052906167
1103	92-93	1.0235342251960837
1103	94-95	1.1339726300443544
1103	96-97	1.1692810038498038
1103	98-99	1.1130981842976233
1103	100-101	1.3445654385470043
1104	1	0.02817013798176049
1104	2	0.04031628404461429
1104	3	0.05711576513261818
1104	4	0.1004483977362014
1104	5	0.08972267629486197
1104	6	-0.1480471078404335
1104	7	0.0468976939864163
1104	8	0.10200936906117164
1104	9	0.18509679073546437
1104	10-11	0.07423116410465269
1104	12-13	0.17601266675153937
1104	14-15	0.21875837618958371
1104	16-17	0.08754077239212421
1104	18-19	0.19843532941268904
1104	20-21	0.2788123797458866
1104	22-23	0.28735333739911795
1104	24-25	0.336898196190873
1104	26-27	0.31652733136965594
1104	28-29	0.1874423054159351
1104	30-31	0.27625671666866936
1104	32-33	0.261379275740957
1104	34-35	0.13782457914089719
1104	36-37	0.2868839107525645
1104	38-39	0.32273958755205
1104	40-41	0.3288886305540899
1104	42-43	0.2833715832132242
1104	44-45	0.416273330550581
1104	46-47	0.47386012217676665
1104	48-49	0.396156416188127
1104	50-51	0.3558598858768107
1104	52-53	0.3061378349578163
1104	54-55	0.4206638088220416
1104	56-57	0.5351070823934307
1104	58-59	0.3813068511006392
1104	60-61	0.39106320006087003
1104	62-63	0.2909538468402104
1104	64-65	0.5669945450769518
1104	66-67	0.6038824205239521
1104	68-69	0.5798383143771701
1104	70-71	0.6524820366573394
1104	72-73	0.7144287980370336
1104	74-75	0.6262387291518081
1104	76-77	0.6529227771914634
1104	78-79	0.6469217233030164
1104	80-81	0.5398554012165242
1104	82-83	0.6599338118028264
1104	84-85	0.7966308614114759
1104	86-87	0.7900496394882524
1104	88-89	0.670509431584712
1104	90-91	0.8307035613412914
1104	92-93	0.9141838767681953
1104	94-95	0.9250977638748061
1104	96-97	0.9164461443403376
1104	98-99	0.8384596969727554
1104	100-101	0.9238816679872599
1105	1	-0.2531259997496136
1105	2	-0.16616596705616615
1105	3	-0.14844416517136594
1105	4	-0.0979363283790633
1105	5	-0.05724146613007974
1105	6	0.009317858008216717
1105	7	-0.05189780049423831
1105	8	-0.05880361272748047
1105	9	-0.1378553332865522
1105	10-11	-0.02605432142238584
1105	12-13	0.098145812595412
1105	14-15	0.11136572944045753
1105	16-17	-0.028677535285922318
1105	18-19	0.022510626993501148
1105	20-21	-0.027198878775799074
1105	22-23	0.05200687208709809
1105	24-25	0.029881830450186442
1105	26-27	0.14427594047216985
1105	28-29	0.05626936343376343
1105	30-31	0.1334006110085113
1105	32-33	0.042583248895418535
1105	34-35	0.09836373237597229
1105	36-37	0.06457597061538678
1105	38-39	0.11806168901444636
1105	40-41	0.11678945684754893
1105	42-43	0.1335027033204952
1105	44-45	0.23588746633635793
1105	46-47	0.1841127521896695
1105	48-49	0.11222421148963946
1105	50-51	0.15257584216784892
1105	52-53	0.0036877502731726963
1105	54-55	0.08873795021437303
1105	56-57	0.1769819253141307
1105	58-59	0.2626407860294151
1105	60-61	0.253052618291413
1105	62-63	0.32222287116567117
1105	64-65	0.4215630040614542
1105	66-67	0.3913988104770212
1105	68-69	0.405942017272956
1105	70-71	0.35485483327050815
1105	72-73	0.3886638087463439
1105	74-75	0.4612606447460408
1105	76-77	0.426231424057832
1105	78-79	0.43445842602142903
1105	80-81	0.37959094026181717
1105	82-83	0.4088835727511153
1105	84-85	0.44967499104793873
1105	86-87	0.46987301956595573
1105	88-89	0.5035360424924491
1105	90-91	0.6221416792646686
1105	92-93	0.5826865152539007
1105	94-95	0.5647270358933518
1105	96-97	0.4534628719152032
1105	98-99	0.40894281754168205
1105	100-101	0.524662477468727
1106	1	-0.3248673589661344
1106	2	-0.34571031326083457
1106	3	-0.3798173949906811
1106	4	-0.4394728693308778
1106	5	-0.2240564530391964
1106	6	-0.33808498096997397
1106	7	-0.3022024807686776
1106	8	-0.25556223098124775
1106	9	-0.40340935982764137
1106	10-11	-0.3665204264234987
1106	12-13	-0.29197280000561676
1106	14-15	-0.42227798567872554
1106	16-17	-0.4933601358450517
1106	18-19	-0.3827016792511486
1106	20-21	-0.4253070086697761
1106	22-23	-0.4442562770879377
1106	24-25	-0.37657068483729006
1106	26-27	-0.35948134625368056
1106	28-29	-0.34641412697045837
1106	30-31	-0.3764298879391177
1106	32-33	-0.4448147335087569
1106	34-35	-0.6371214894112001
1106	36-37	-0.5030836750948353
1106	38-39	-0.5311513192752599
1106	40-41	-0.6030818013969892
1106	42-43	-0.7078821870563843
1106	44-45	-0.5323251695920774
1106	46-47	-0.37520896681525784
1106	48-49	-0.3276656613021274
1106	50-51	-0.5970569533451027
1106	52-53	-0.5488450729363521
1106	54-55	-0.31819687279804043
1106	56-57	-0.30031561721526856
1106	58-59	-0.37237534673223394
1106	60-61	-0.44337259473260104
1106	62-63	-0.5355475187920931
1106	64-65	-0.6895727604006581
1106	66-67	-0.6148076518422911
1106	68-69	-0.6902331318109631
1106	70-71	-0.6364601748132159
1106	72-73	-0.5222469455239498
1106	74-75	-0.41312898302275514
1106	76-77	-0.3381510501123053
1106	78-79	-0.2721753909543452
1106	80-81	-0.3070195005645111
1106	82-83	-0.3132020073040529
1106	84-85	-0.2964028972513759
1106	86-87	-0.30894131826488547
1106	88-89	-0.3107912835290847
1106	90-91	-0.21394538618183745
1106	92-93	-0.2880215101041408
1106	94-95	-0.38787131283024934
1106	96-97	-0.44108735603695237
1106	98-99	-0.511546234225559
1106	100-101	-0.39422095921084477
1107	1	-0.756990272064666
1107	2	-0.9853352398203619
1107	3	-0.8773958175045102
1107	4	-0.7529333556801348
1107	5	-0.5838369206152052
1107	6	-0.780490057698735
1107	7	-0.8598688521965414
1107	8	-0.6026932324295942
1107	9	-0.6038487749174877
1107	10-11	-0.8964817203294544
1107	12-13	-1.1033608519190992
1107	14-15	-1.199964242033424
1107	16-17	-0.9808941829302213
1107	18-19	-1.0864385388860711
1107	20-21	-0.9911118292316985
1107	22-23	-0.8817608139049398
1107	24-25	-0.9673201372116011
1107	26-27	-1.0134087218613388
1107	28-29	-1.2236669598292877
1107	30-31	-1.215013465981535
1107	32-33	-1.7127757599214917
1107	34-35	-1.7184539888463206
1107	36-37	-1.6368619434500218
1107	38-39	-1.4828065677810613
1107	40-41	-1.4716210169377035
1107	42-43	-1.6726730947813522
1107	44-45	-1.8680590365073115
1107	46-47	-1.6525930829501405
1107	48-49	-1.712306207303108
1107	50-51	-1.4907108346534415
1107	52-53	-1.370865781219237
1107	54-55	-1.319724372302474
1107	56-57	-1.2383831517085397
1107	58-59	-1.2126698318338853
1107	60-61	-1.170395710423115
1107	62-63	-1.2439411900803847
1107	64-65	-1.081799530175445
1107	66-67	-1.0996627224251583
1107	68-69	-1.1582545072491115
1107	70-71	-1.242901493620014
1107	72-73	-1.680148212632389
1107	74-75	-1.8056493273635894
1107	76-77	-1.6365956335072198
1107	78-79	-1.6133978171959242
1107	80-81	-1.5527714353889515
1107	82-83	-1.7823481271737727
1107	84-85	-1.8659636319769106
1107	86-87	-1.821668886548963
1107	88-89	-1.7773041030922165
1107	90-91	-1.6794807503423819
1107	92-93	-1.7965128160410195
1107	94-95	-1.9245223364165263
1107	96-97	-2.0101178027437
1107	98-99	-2.1976533516814776
1107	100-101	-2.210511989796988
1108	1	-1.0826059274686166
1108	2	-0.7550947507781025
1108	3	-1.0544833353422334
1108	4	-1.1228101149141452
1108	5	-1.9041433947842705
1108	6	-1.4070612642000668
1108	7	-1.5624268563504486
1108	8	-1.3529299544261164
1108	9	-1.2301332903275934
1108	10-11	-1.3843606218766595
1108	12-13	-1.4213938190805777
1108	14-15	-1.39798276575155
1108	16-17	-1.6649117055525622
1108	18-19	-1.3584428827678963
1108	20-21	-1.465491358107073
1108	22-23	-1.3260024533044756
1108	24-25	-1.0328064852743353
1108	26-27	-1.5584973438348229
1108	28-29	-1.3392005384306813
1108	30-31	-1.2362707492352598
1108	32-33	-1.472485553454213
1108	34-35	-1.3834938621716404
1108	36-37	-1.5452176884158817
1108	38-39	-1.4747233797404107
1108	40-41	-1.1945723904636978
1108	42-43	-1.170178537734941
1108	44-45	-1.1262141734734783
1108	46-47	-1.2475405879418346
1108	48-49	-1.9741624021750894
1108	50-51	-1.531982316425868
1108	52-53	-1.3825623611762907
1108	54-55	-1.4720950530248373
1108	56-57	-1.2941252176952318
1108	58-59	-1.2105945327334737
1108	60-61	-1.3462510599868693
1108	62-63	-1.4880169486081556
1108	64-65	-1.524734148164832
1108	66-67	-1.4021744611556883
1108	68-69	-1.3228830306494999
1108	70-71	-1.4086431339521894
1108	72-73	-1.3946499016145815
1108	74-75	-1.6458885016833804
1108	76-77	-1.7193323388759296
1108	78-79	-1.2485963948450234
1108	80-81	-1.1986006394511755
1108	82-83	-1.394244093642481
1108	84-85	-1.5662109375027278
1108	86-87	-1.8804055949220064
1108	88-89	-2.2017878722673387
1108	90-91	-2.3588371269334267
1108	92-93	-2.034351759395623
1108	94-95	-2.0739429400899034
1108	96-97	-1.9858985364433472
1108	98-99	-2.0375385766324747
1108	100-101	-2.125434330881518
1201	1	0.4039626924895465
1201	2	0.5292267277756508
1201	3	0.5780330435029448
1201	4	0.43902170713534616
1201	5	0.5227302322692253
1201	6	0.5776009031640612
1201	7	0.6289722398903947
1201	8	0.677070653558232
1201	9	0.7017152882225943
1201	10-11	0.6255587760651977
1201	12-13	0.5539415981802023
1201	14-15	0.7465660682314805
1201	16-17	0.9060014667793084
1201	18-19	0.7860279666478291
1201	20-21	0.8694572368432318
1201	22-23	0.8804202354682005
1201	24-25	0.8777915541578452
1201	26-27	0.8517814768476839
1201	28-29	0.9275153694248246
1201	30-31	0.8742008666751957
1201	32-33	0.9889138388579894
1201	34-35	0.8216041819263609
1201	36-37	0.7163809088554629
1201	38-39	0.9134852159697786
1201	40-41	0.8226542733349405
1201	42-43	0.8853005113222423
1201	44-45	0.8189528560811752
1201	46-47	0.8038292669285312
1201	48-49	0.8652227313833762
1201	50-51	0.8783161672194524
1201	52-53	0.7220634088516107
1201	54-55	0.8673739173836665
1201	56-57	0.8062916776100977
1201	58-59	0.8267157784921508
1201	60-61	0.8359517871223616
1201	62-63	0.7804645975899334
1201	64-65	0.812952703791531
1201	66-67	0.8816873608273923
1201	68-69	0.9229270565104386
1201	70-71	0.9541882414922256
1201	72-73	0.9731687278569083
1201	74-75	0.990069277614964
1201	76-77	1.0336950323057792
1201	78-79	0.95021343120289
1201	80-81	0.9304778890325771
1201	82-83	0.8991290035647204
1201	84-85	1.049684559094377
1201	86-87	1.1561759047675437
1201	88-89	0.8578484812015432
1201	90-91	1.0210563754458413
1201	92-93	1.0167454017845294
1201	94-95	1.0296728539264386
1201	96-97	0.9828778099131839
1201	98-99	0.8859021030923522
1201	100-101	0.8840799155765602
1202	1	0.4429313705212472
1202	2	0.47550581688999216
1202	3	0.46817097079167524
1202	4	0.49692065408267183
1202	5	0.4720581591416675
1202	6	0.41224434076664096
1202	7	0.5237811866483284
1202	8	0.45199510945978716
1202	9	0.4113408632209712
1202	10-11	0.5671190856008295
1202	12-13	0.5405391909466957
1202	14-15	0.5608393271319301
1202	16-17	0.6859156564471931
1202	18-19	0.6655452846533478
1202	20-21	0.6547786026106124
1202	22-23	0.7418983061691549
1202	24-25	0.7671101490212493
1202	26-27	0.7189373903896268
1202	28-29	0.7172944850516245
1202	30-31	0.8438173863757967
1202	32-33	0.8431962410691156
1202	34-35	0.8531525140550258
1202	36-37	0.7719511367721523
1202	38-39	0.8061488355417268
1202	40-41	0.8743049776365481
1202	42-43	0.6464059295381759
1202	44-45	0.7730682257486805
1202	46-47	0.8148427158582123
1202	48-49	0.7659367658933292
1202	50-51	0.7047310111710701
1202	52-53	0.595529609279005
1202	54-55	0.7102850229116981
1202	56-57	0.7426729947209267
1202	58-59	0.7275087363937658
1202	60-61	0.6590538809952946
1202	62-63	0.6964035527735106
1202	64-65	0.6873472239375218
1202	66-67	0.6398449859923119
1202	68-69	0.5166198377932147
1202	70-71	0.6602701294311828
1202	72-73	0.7170835137164815
1202	74-75	0.7513027120451099
1202	76-77	0.7281252148693369
1202	78-79	0.7731741481945136
1202	80-81	0.7680521786061725
1202	82-83	0.7119692839964742
1202	84-85	0.7284273823256022
1202	86-87	0.8792961176144196
1202	88-89	0.7934059874238315
1202	90-91	0.88065047947374
1202	92-93	0.9323920978137998
1202	94-95	0.9723521259409402
1202	96-97	0.9617398898573697
1202	98-99	0.9634205971876888
1202	100-101	0.8676540120341407
1203	1	0.24197702585811953
1203	2	0.3410687279702529
1203	3	0.2939546381218108
1203	4	0.3489775437417535
1203	5	0.19889128858650906
1203	6	0.3606915108322397
1203	7	0.28982152827408214
1203	8	0.2291137282934841
1203	9	0.1998019244078577
1203	10-11	0.30877354919417854
1203	12-13	0.2527091744349619
1203	14-15	0.45177573160230367
1203	16-17	0.404714062857785
1203	18-19	0.4142865948083525
1203	20-21	0.4456372567614011
1203	22-23	0.5558169652925855
1203	24-25	0.5365179296341296
1203	26-27	0.5824862850764276
1203	28-29	0.5402035275924462
1203	30-31	0.6449496669331864
1203	32-33	0.6565013127907449
1203	34-35	0.7325488470040398
1203	36-37	0.6380630460975496
1203	38-39	0.6770162457312736
1203	40-41	0.7270029937940024
1203	42-43	0.710361399256854
1203	44-45	0.7798766979297369
1203	46-47	0.77817258507811
1203	48-49	0.7141883496939059
1203	50-51	0.6109971679314299
1203	52-53	0.35058805037824925
1203	54-55	0.43601246169936303
1203	56-57	0.4612776380738879
1203	58-59	0.5177894482006664
1203	60-61	0.5577623885830079
1203	62-63	0.5271785155946418
1203	64-65	0.4556673328034009
1203	66-67	0.3944623718030513
1203	68-69	0.5075640717154997
1203	70-71	0.7043516822106781
1203	72-73	0.6836727242595444
1203	74-75	0.647890545465927
1203	76-77	0.7419125689225439
1203	78-79	0.804913520814651
1203	80-81	0.7299387982728227
1203	82-83	0.6605956832588618
1203	84-85	0.5206705154158406
1203	86-87	0.5743323015600694
1203	88-89	0.6397290619576879
1203	90-91	0.6024369916366936
1203	92-93	0.8531115311059025
1203	94-95	0.9582700254902825
1203	96-97	0.9100905937130435
1203	98-99	1.0574855275179011
1203	100-101	0.9984962875660521
1204	1	0.07486673179824876
1204	2	0.09013405723257151
1204	3	0.13158961795486945
1204	4	0.12345299700288592
1204	5	0.04437409860669561
1204	6	0.1374150533456131
1204	7	0.07401366903474127
1204	8	0.12490588352074639
1204	9	0.11386210562803711
1204	10-11	0.09646034550365101
1204	12-13	0.20438381967489505
1204	14-15	0.19521115915615184
1204	16-17	0.2577558732557108
1204	18-19	0.25502583581442906
1204	20-21	0.2606534006592227
1204	22-23	0.330254698690716
1204	24-25	0.3033179429970261
1204	26-27	0.2605139370472358
1204	28-29	0.21321738682721758
1204	30-31	0.29290797600444307
1204	32-33	0.35460684151265554
1204	34-35	0.43503289194535455
1204	36-37	0.2885628059196037
1204	38-39	0.3483781215787545
1204	40-41	0.24625776642916009
1204	42-43	0.27933156575355156
1204	44-45	0.32160136573454423
1204	46-47	0.4718944877127882
1204	48-49	0.3162003911389277
1204	50-51	0.19252997930705362
1204	52-53	0.32847683368503766
1204	54-55	0.3426007434692693
1204	56-57	0.4340726577027638
1204	58-59	0.2386807974793399
1204	60-61	0.28790857925925906
1204	62-63	0.21286848148329085
1204	64-65	0.3178634969625449
1204	66-67	0.3134180303942671
1204	68-69	0.26822081404478837
1204	70-71	0.23655351262114976
1204	72-73	0.38689463546573677
1204	74-75	0.4045494289023992
1204	76-77	0.351382841951974
1204	78-79	0.5172190831131473
1204	80-81	0.47763285063701133
1204	82-83	0.4972999712113513
1204	84-85	0.5183333180913223
1204	86-87	0.6295645581526301
1204	88-89	0.5594623950880724
1204	90-91	0.6543391134660617
1204	92-93	0.712829848427809
1204	94-95	0.6917832169133291
1204	96-97	0.6153721206957954
1204	98-99	0.538490650262542
1204	100-101	0.4233748305863365
1205	1	-0.03249196404004451
1205	2	-0.006728553385659808
1205	3	0.027284322622008972
1205	4	-0.019225257621329206
1205	5	0.026495114465689085
1205	6	0.051157598737276544
1205	7	0.06522661249815798
1205	8	-0.17309440722755198
1205	9	0.04051741065894987
1205	10-11	-0.012169334723907355
1205	12-13	-0.016022713465936533
1205	14-15	0.03816163436957254
1205	16-17	-0.012987712278942354
1205	18-19	-0.07188880127821307
1205	20-21	0.07991847314086442
1205	22-23	-0.05612740126010607
1205	24-25	0.07032340096120038
1205	26-27	0.05613254074248886
1205	28-29	-0.061703171053260064
1205	30-31	0.083798213977758
1205	32-33	0.15969470152989373
1205	34-35	0.10639745261402567
1205	36-37	0.023856142788694967
1205	38-39	0.04117154728530181
1205	40-41	0.10405314821930745
1205	42-43	0.21793551103125708
1205	44-45	0.21831010381215066
1205	46-47	0.23833406060234097
1205	48-49	0.19400564774348794
1205	50-51	0.10430296996314325
1205	52-53	0.1042550479734814
1205	54-55	0.16682561594750922
1205	56-57	0.2323905619759543
1205	58-59	0.2690919128584923
1205	60-61	0.26706402983808886
1205	62-63	0.17347484597144813
1205	64-65	0.24913208831098643
1205	66-67	0.1902973270532584
1205	68-69	0.2377124020333241
1205	70-71	0.2654740278133829
1205	72-73	0.34661421745460075
1205	74-75	0.26094277857987436
1205	76-77	0.21903798619436898
1205	78-79	0.3463825101256859
1205	80-81	0.262294010402762
1205	82-83	0.1965086671218721
1205	84-85	0.29860388505030855
1205	86-87	0.38753982628886163
1205	88-89	0.44120375469446316
1205	90-91	0.4394466184506385
1205	92-93	0.30714276450941114
1205	94-95	0.24150810831274327
1205	96-97	0.2519558856784485
1205	98-99	0.2856655725554127
1205	100-101	0.0989103975639587
1206	1	-0.28099202493830333
1206	2	-0.27500371431514026
1206	3	-0.23091220990165695
1206	4	-0.18890404301046715
1206	5	-0.1436059012080264
1206	6	-0.10247196055387775
1206	7	-0.22015121432391282
1206	8	-0.20113046582699212
1206	9	-0.2930308589354027
1206	10-11	-0.29529642497372066
1206	12-13	-0.2887962245678821
1206	14-15	-0.4818831644195498
1206	16-17	-0.33415141134651094
1206	18-19	-0.422734412268035
1206	20-21	-0.40409962149701784
1206	22-23	-0.2726427300796743
1206	24-25	-0.20991428077556407
1206	26-27	-0.5701716820527167
1206	28-29	-0.47493158150580683
1206	30-31	-0.2795318050235096
1206	32-33	-0.19904158201895683
1206	34-35	-0.14842153041281136
1206	36-37	-0.22390400066901606
1206	38-39	-0.30328491372821986
1206	40-41	-0.27784352971324466
1206	42-43	-0.22888427812793566
1206	44-45	-0.14539727286075532
1206	46-47	-0.27329415435462323
1206	48-49	-0.1391623612670756
1206	50-51	-0.17099554929656335
1206	52-53	-0.17637295829702282
1206	54-55	-0.19580177062225346
1206	56-57	-0.1981533456522655
1206	58-59	-0.141874266830321
1206	60-61	-0.14519220665918198
1206	62-63	-0.27738660100587254
1206	64-65	-0.4290435864336217
1206	66-67	-0.39523631256115976
1206	68-69	-0.3849589951110133
1206	70-71	-0.26355915616117187
1206	72-73	-0.16455167386149583
1206	74-75	-0.08189540002148377
1206	76-77	-0.09320250615545689
1206	78-79	-0.1282038096716711
1206	80-81	-0.08203461346023389
1206	82-83	-0.1121990476530037
1206	84-85	-0.09079011866436204
1206	86-87	-0.007743958150548735
1206	88-89	0.024000344971646825
1206	90-91	-0.007559389915538617
1206	92-93	-0.043560098119012736
1206	94-95	-0.10275665202523498
1206	96-97	-0.0652217836448159
1206	98-99	-0.13881718012234856
1206	100-101	-0.3408144220889504
1207	1	-0.8756487451321
1207	2	-0.9159925773669997
1207	3	-0.8309263674767102
1207	4	-0.8567932040527708
1207	5	-0.85308910355932
1207	6	-0.8316065350154815
1207	7	-1.0826551573862773
1207	8	-1.2143858781066967
1207	9	-1.2979030357566899
1207	10-11	-1.1184628220153385
1207	12-13	-1.1691769982086058
1207	14-15	-1.424264000903385
1207	16-17	-1.416041629498615
1207	18-19	-1.4085717603990418
1207	20-21	-1.2545455959167953
1207	22-23	-1.340735392880319
1207	24-25	-1.167928703925405
1207	26-27	-1.6071160243249452
1207	28-29	-1.4451699053207605
1207	30-31	-1.514664883903393
1207	32-33	-1.870671035207934
1207	34-35	-2.1740274744964907
1207	36-37	-2.173605966930616
1207	38-39	-1.7254858652070055
1207	40-41	-1.9214849899872775
1207	42-43	-2.0465203271540986
1207	44-45	-2.0086633514878187
1207	46-47	-1.7164070513581393
1207	48-49	-1.631468427345169
1207	50-51	-1.7909084814633545
1207	52-53	-1.9196031140482859
1207	54-55	-1.7511754508025845
1207	56-57	-1.475359056742171
1207	58-59	-1.6179928323245392
1207	60-61	-1.65192554195378
1207	62-63	-1.6310470032384075
1207	64-65	-1.3568654427847378
1207	66-67	-1.6791401803625945
1207	68-69	-1.7775787046694376
1207	70-71	-1.8453781482033804
1207	72-73	-2.420082041442594
1207	74-75	-2.567633438377193
1207	76-77	-2.2517740639344623
1207	78-79	-2.2664330352974744
1207	80-81	-2.342425834457732
1207	82-83	-2.3995554788305533
1207	84-85	-2.484110346778369
1207	86-87	-2.516972968693281
1207	88-89	-2.342145613106318
1207	90-91	-2.311279281536006
1207	92-93	-2.523542055851358
1207	94-95	-2.748385592555959
1207	96-97	-2.9829272110775094
1207	98-99	-3.041886630972865
1207	100-101	-3.314460265648112
1208	1	-1.6298636307383774
1208	2	-1.7482365867933858
1208	3	-1.1768474603116488
1208	4	-1.4070964109241615
1208	5	-1.9677937260107328
1208	6	-1.248614699925092
1208	7	-1.205967483562418
1208	8	-1.637627968802363
1208	9	-1.4439807905690714
1208	10-11	-1.405760501250647
1208	12-13	-1.4233197673663724
1208	14-15	-2.0441214775074386
1208	16-17	-1.7283625878232627
1208	18-19	-2.3839351700565246
1208	20-21	-2.165568446200723
1208	22-23	-1.4158212494433968
1208	24-25	-1.3323694528498677
1208	26-27	-1.4753682559398698
1208	28-29	-1.7570439769594515
1208	30-31	-3.2155882123163337
1208	32-33	-2.138393920267923
1208	34-35	-1.6338895091153773
1208	36-37	-1.7464780108294846
1208	38-39	-1.9829070550292585
1208	40-41	-1.9215807625467605
1208	42-43	-1.6246269852482769
1208	44-45	-1.5845504687844496
1208	46-47	-1.5369025501446245
1208	48-49	-1.5356164432351065
1208	50-51	-1.4763347662105843
1208	52-53	-1.888993772320525
1208	54-55	-1.8846930730994487
1208	56-57	-2.2860042145955006
1208	58-59	-1.9964951717297836
1208	60-61	-1.55526086218498
1208	62-63	-1.7141897004011852
1208	64-65	-1.7943329581294378
1208	66-67	-1.950974507698092
1208	68-69	-2.1074718429825765
1208	70-71	-1.940747506954203
1208	72-73	-2.0254393217524616
1208	74-75	-1.9547553442863013
1208	76-77	-1.6877805521235842
1208	78-79	-1.7790633772568114
1208	80-81	-2.025103862484098
1208	82-83	-2.091462729173326
1208	84-85	-2.213909650043753
1208	86-87	-2.2969576387152912
1208	88-89	-2.3855306786171866
1208	90-91	-2.37005070243438
1208	92-93	-2.262301379812669
1208	94-95	-2.2494037388394936
1208	96-97	-2.050837158572044
1208	98-99	-2.077491596173669
1208	100-101	-2.3119310244377402
1301	1	0.6001292884221989
1301	2	0.674896280125882
1301	3	0.7060650879534336
1301	4	0.6403893809804231
1301	5	0.6176803245002276
1301	6	0.6031741810901323
1301	7	0.6416602180178899
1301	8	0.6284472575113611
1301	9	0.6713623771698778
1301	10-11	0.6646205444452846
1301	12-13	0.5976631570088173
1301	14-15	0.8395941901090751
1301	16-17	0.9249734873479412
1301	18-19	0.970727547399413
1301	20-21	0.9791545642181347
1301	22-23	0.9025254645607745
1301	24-25	0.846076042206505
1301	26-27	0.8383484068944895
1301	28-29	0.9784215780142844
1301	30-31	0.9621770524374824
1301	32-33	1.1619886984909016
1301	34-35	1.0911172401594698
1301	36-37	1.0310263098447834
1301	38-39	0.991819330495133
1301	40-41	1.1172336803892264
1301	42-43	1.1616522677788623
1301	44-45	1.0961458973537717
1301	46-47	1.116859233561378
1301	48-49	1.1247946520313263
1301	50-51	1.033097209110565
1301	52-53	0.8117094487938701
1301	54-55	0.8107259712343762
1301	56-57	0.8697557162196929
1301	58-59	0.9749465354581446
1301	60-61	0.9991761786030011
1301	62-63	1.0952733104964736
1301	64-65	1.08242989190218
1301	66-67	1.0637417990736893
1301	68-69	1.1017452640108445
1301	70-71	1.0762976608368078
1301	72-73	1.0805863924898915
1301	74-75	1.0875727140206024
1301	76-77	0.9975739219938262
1301	78-79	0.9679089401793419
1301	80-81	0.9759662634283721
1301	82-83	0.9243035384055922
1301	84-85	1.0340191416340083
1301	86-87	1.1398275183947995
1301	88-89	1.2721693764671294
1301	90-91	1.2579316054075491
1301	92-93	1.3007300527937709
1301	94-95	1.3433644415259458
1301	96-97	1.3297664895874846
1301	98-99	1.4015986811871066
1301	100-101	1.585831397161602
1302	1	0.46968286146569227
1302	2	0.4485743713746295
1302	3	0.495603091158344
1302	4	0.5373158155031632
1302	5	0.4849917834672368
1302	6	0.529767457630733
1302	7	0.5082017561593801
1302	8	0.5663388511439393
1302	9	0.6630189985390231
1302	10-11	0.5373541699853419
1302	12-13	0.5385411605374983
1302	14-15	0.6321000673751342
1302	16-17	0.7642749650010217
1302	18-19	0.8181284965371773
1302	20-21	0.6668151649771659
1302	22-23	0.6944551821216507
1302	24-25	0.7416686001690778
1302	26-27	0.7204349480018166
1302	28-29	0.9033010382715716
1302	30-31	0.9486650055623329
1302	32-33	0.8609802429518041
1302	34-35	0.9325254050215079
1302	36-37	0.8545993196656596
1302	38-39	0.9302094092532016
1302	40-41	0.9761968170720792
1302	42-43	1.0196478528458783
1302	44-45	1.047307084250285
1302	46-47	1.0245245759051258
1302	48-49	0.878966431533037
1302	50-51	0.8562785269970163
1302	52-53	0.7940920802677596
1302	54-55	0.8627937396951566
1302	56-57	0.8915155063097799
1302	58-59	0.6628303909912105
1302	60-61	0.7543899977886284
1302	62-63	0.8962152972522617
1302	64-65	0.8783965458430814
1302	66-67	0.716061225457878
1302	68-69	0.8585716026550543
1302	70-71	0.8956544212833819
1302	72-73	0.887336446202454
1302	74-75	0.966426937579449
1302	76-77	0.7324764767333107
1302	78-79	0.9042284723262242
1302	80-81	1.026710630062862
1302	82-83	1.0368420565258702
1302	84-85	0.9003670114661055
1302	86-87	0.9625480825164558
1302	88-89	0.9835959498995805
1302	90-91	1.0126056871262321
1302	92-93	1.146868113996355
1302	94-95	1.1963211570895176
1302	96-97	1.2091218272043918
1302	98-99	1.2362622679739097
1302	100-101	1.4451578559877838
1303	1	0.3087649318288115
1303	2	0.3278105918115628
1303	3	0.2804271710836339
1303	4	0.2398182432555771
1303	5	0.3088404743693971
1303	6	0.3878907372297249
1303	7	0.38597306507349316
1303	8	0.37280560925664474
1303	9	0.44280556551530736
1303	10-11	0.29230348090057134
1303	12-13	0.32444908969429775
1303	14-15	0.5545439738045914
1303	16-17	0.6646469482733153
1303	18-19	0.567677441456091
1303	20-21	0.3970187441947317
1303	22-23	0.5636152143535185
1303	24-25	0.6056399615628081
1303	26-27	0.6904004894433555
1303	28-29	0.6230289798411732
1303	30-31	0.7914134678729638
1303	32-33	0.841923789520628
1303	34-35	0.7688923149208833
1303	36-37	0.8144238112999957
1303	38-39	0.8546714919321658
1303	40-41	0.8829756422905035
1303	42-43	0.8282820757060918
1303	44-45	0.9328607948035881
1303	46-47	0.897631458822481
1303	48-49	0.9154472700944396
1303	50-51	0.8418266835332702
1303	52-53	0.6119438136529993
1303	54-55	0.6551876014102547
1303	56-57	0.8036927919168875
1303	58-59	0.7996392813767343
1303	60-61	0.7952749062673803
1303	62-63	0.88080174807601
1303	64-65	0.8981532509542518
1303	66-67	0.8527993540005454
1303	68-69	0.7866922565371368
1303	70-71	0.9163845426956598
1303	72-73	0.8134540179819751
1303	74-75	0.8639686162801254
1303	76-77	0.9684425036409436
1303	78-79	0.9310188511651631
1303	80-81	1.0311336158908624
1303	82-83	0.9920670290250371
1303	84-85	0.9779347395750584
1303	86-87	0.6650833520918127
1303	88-89	0.7180621814046617
1303	90-91	0.43871505506328745
1303	92-93	0.9580322744103249
1303	94-95	1.1134704069582853
1303	96-97	1.2215549475040746
1303	98-99	1.3640046222460818
1303	100-101	1.5427639016720995
1304	1	0.13310365361326504
1304	2	0.16688367403388327
1304	3	0.18609735648152537
1304	4	0.24689824288252282
1304	5	0.1890182950502819
1304	6	0.19639810966277338
1304	7	0.1609718263885327
1304	8	0.21207860412527424
1304	9	0.25178686059570765
1304	10-11	0.2757947282789459
1304	12-13	0.2933639384501916
1304	14-15	0.38617736201724284
1304	16-17	0.38364637583215
1304	18-19	0.3688515191870536
1304	20-21	0.34370655191241894
1304	22-23	0.37515482403005507
1304	24-25	0.39757701610113116
1304	26-27	0.5300260762924438
1304	28-29	0.454224042362533
1304	30-31	0.46554530351857437
1304	32-33	0.5292057452255321
1304	34-35	0.6663407911655668
1304	36-37	0.593810913360663
1304	38-39	0.5854818152248455
1304	40-41	0.5189634613309195
1304	42-43	0.6151605106739026
1304	44-45	0.5984582603508102
1304	46-47	0.652442700488912
1304	48-49	0.6204313650466062
1304	50-51	0.5662090853054806
1304	52-53	0.5387916405383848
1304	54-55	0.5037061191075267
1304	56-57	0.6339899424579016
1304	58-59	0.5250703947766553
1304	60-61	0.3932438371423004
1304	62-63	0.5052173130469626
1304	64-65	0.5824367948073359
1304	66-67	0.6299341582334037
1304	68-69	0.6083656102571169
1304	70-71	0.6249182992213136
1304	72-73	0.7498158520161127
1304	74-75	0.785411339640028
1304	76-77	0.8244524388025596
1304	78-79	0.8996638635244949
1304	80-81	0.8224726548734935
1304	82-83	0.8400092912923931
1304	84-85	0.9111546506311399
1304	86-87	0.8658275589850959
1304	88-89	0.9259908145461537
1304	90-91	0.936661126725415
1304	92-93	1.03083740318392
1304	94-95	1.114187865439316
1304	96-97	1.1357944720035356
1304	98-99	1.0448170776751802
1304	100-101	1.1816328820513888
1305	1	-0.01658909303230871
1305	2	-0.005698580288498789
1305	3	-0.019148092083476342
1305	4	0.08831438262669167
1305	5	0.06358169462628638
1305	6	0.09027857396354477
1305	7	0.04290360368550239
1305	8	-0.10316210606845999
1305	9	-0.027583654025043813
1305	10-11	0.006186905176441826
1305	12-13	0.009066474641755917
1305	14-15	0.15896642555861717
1305	16-17	0.22490343837929316
1305	18-19	0.0901570294142715
1305	20-21	0.12968744693759504
1305	22-23	0.08450000510264744
1305	24-25	0.103131517237955
1305	26-27	0.23494650752712687
1305	28-29	0.18048050046912323
1305	30-31	0.309153068005223
1305	32-33	0.3428740844504503
1305	34-35	0.2773337004996179
1305	36-37	0.33022016730793524
1305	38-39	0.29848873580274216
1305	40-41	0.33165867902425816
1305	42-43	0.339990759037903
1305	44-45	0.4159561314490716
1305	46-47	0.3821129953154383
1305	48-49	0.3592070976378281
1305	50-51	0.3055721935077216
1305	52-53	0.27915807544467697
1305	54-55	0.3212431739034116
1305	56-57	0.3961821421541387
1305	58-59	0.3908074352231168
1305	60-61	0.30321319747259423
1305	62-63	0.3145353977461127
1305	64-65	0.4263240436952671
1305	66-67	0.4692337373563049
1305	68-69	0.46838384877576544
1305	70-71	0.41118830149518004
1305	72-73	0.5633950221025117
1305	74-75	0.5543509228765018
1305	76-77	0.5153955357354789
1305	78-79	0.5591304345569554
1305	80-81	0.5740839680581402
1305	82-83	0.46104592725729177
1305	84-85	0.3966214970921911
1305	86-87	0.5289021355403634
1305	88-89	0.5833104529337305
1305	90-91	0.48707987883571136
1305	92-93	0.43576851316757725
1305	94-95	0.4324572292062747
1305	96-97	0.38674497292741705
1305	98-99	0.34277425201771194
1305	100-101	0.4292970781442236
1306	1	-0.4314291194295663
1306	2	-0.34578176056249177
1306	3	-0.3012741282791218
1306	4	-0.2972425412071189
1306	5	-0.3783507686245997
1306	6	-0.3233218097090145
1306	7	-0.3068505695747561
1306	8	-0.40578993776615135
1306	9	-0.4478341232533509
1306	10-11	-0.4295814510403133
1306	12-13	-0.3634504751539893
1306	14-15	-0.46795350378813083
1306	16-17	-0.2979410717118256
1306	18-19	-0.40451517567978357
1306	20-21	-0.4282101648280019
1306	22-23	-0.41540041269210093
1306	24-25	-0.4032204203732732
1306	26-27	-0.3370770763558468
1306	28-29	-0.32033882139599257
1306	30-31	-0.23039224324647023
1306	32-33	-0.24190414685245543
1306	34-35	-0.24230715733592945
1306	36-37	-0.3480762612884334
1306	38-39	-0.4726527155688274
1306	40-41	-0.3560642664528402
1306	42-43	-0.3004599944357125
1306	44-45	-0.3353324932310784
1306	46-47	-0.3611177603524851
1306	48-49	-0.3456584574262749
1306	50-51	-0.3820173527256685
1306	52-53	-0.42462630063739226
1306	54-55	-0.3822834518185019
1306	56-57	-0.2932336404549005
1306	58-59	-0.26161021770487736
1306	60-61	-0.3338766545920677
1306	62-63	-0.538794266659643
1306	64-65	-0.5598986428867505
1306	66-67	-0.5828471739223389
1306	68-69	-0.5219781786303699
1306	70-71	-0.5188226953864401
1306	72-73	-0.40060405560573287
1306	74-75	-0.407635633409015
1306	76-77	-0.33771514875807895
1306	78-79	-0.2025023374479673
1306	80-81	-0.2842656377700372
1306	82-83	-0.36090015090413274
1306	84-85	-0.35388557976635937
1306	86-87	-0.3151344794169475
1306	88-89	-0.2546664074909266
1306	90-91	-0.38116274545943796
1306	92-93	-0.34684652766358326
1306	94-95	-0.25763434987959855
1306	96-97	-0.3573231058446069
1306	98-99	-0.34229699947102077
1306	100-101	-0.36837005244911936
1307	1	-1.0039594309042812
1307	2	-1.0983821624896422
1307	3	-0.9749452528342388
1307	4	-0.9633789949259466
1307	5	-0.9086144094804638
1307	6	-1.1267917366958287
1307	7	-0.9607953221432837
1307	8	-0.872616531900654
1307	9	-1.1498062262654258
1307	10-11	-1.1164359180864523
1307	12-13	-1.063451848267249
1307	14-15	-1.3850973007692744
1307	16-17	-1.2324887400555937
1307	18-19	-1.3916290596968963
1307	20-21	-1.429017774219112
1307	22-23	-1.3050206468444685
1307	24-25	-1.2122004102185855
1307	26-27	-1.3859140388973117
1307	28-29	-1.34023504415282
1307	30-31	-1.5315956179321404
1307	32-33	-1.7625849043235249
1307	34-35	-1.876724299004124
1307	36-37	-1.9086085234680539
1307	38-39	-1.8564096510006465
1307	40-41	-1.8914762922852972
1307	42-43	-1.9453291170581295
1307	44-45	-1.9974089346805073
1307	46-47	-1.9038593678897868
1307	48-49	-1.9657380318381783
1307	50-51	-2.0307817079227206
1307	52-53	-1.9498284587864276
1307	54-55	-1.949255122650861
1307	56-57	-1.55329341159063
1307	58-59	-1.550060412262816
1307	60-61	-1.6599805706358737
1307	62-63	-1.660763918643319
1307	64-65	-1.5552510383256077
1307	66-67	-1.784826204629951
1307	68-69	-1.8767853372350345
1307	70-71	-1.958224857580067
1307	72-73	-2.1967711442810156
1307	74-75	-2.34900489597932
1307	76-77	-2.120412190784208
1307	78-79	-2.0850254158317973
1307	80-81	-2.066111076221464
1307	82-83	-2.382193144903507
1307	84-85	-2.5659258517039305
1307	86-87	-2.6758087792499694
1307	88-89	-2.458853912332863
1307	90-91	-2.450041146565848
1307	92-93	-2.6155152021405392
1307	94-95	-2.6944584776516045
1307	96-97	-2.9188576063238614
1307	98-99	-2.9846373952916245
1307	100-101	-3.1257594720849617
1308	1	-1.2135928839787127
1308	2	-1.56053883100315
1308	3	-1.848472660322102
1308	4	-1.3911095074152158
1308	5	-1.6110613347054965
1308	6	-1.6164115108997805
1308	7	-1.360978388331219
1308	8	-1.5934081114033276
1308	9	-1.4555076419908843
1308	10-11	-1.3099450731078903
1308	12-13	-1.6085998829770247
1308	14-15	-1.7744919607176328
1308	16-17	-1.5621954392183923
1308	18-19	-1.4913010200146175
1308	20-21	-1.4663554709091642
1308	22-23	-1.7956751446046226
1308	24-25	-1.8764731334218823
1308	26-27	-1.7440959904071534
1308	28-29	-1.9710080265738554
1308	30-31	-1.817617339021993
1308	32-33	-1.7594909444816267
1308	34-35	-1.488634802525496
1308	36-37	-1.5395846749960995
1308	38-39	-1.4546917186483128
1308	40-41	-1.9705667895956296
1308	42-43	-1.8280463988991897
1308	44-45	-1.8737581133137198
1308	46-47	-2.2538360026876987
1308	48-49	-2.1196018630665776
1308	50-51	-1.9996984973659195
1308	52-53	-1.879122688982207
1308	54-55	-1.9619600155187058
1308	56-57	-1.7556524479044597
1308	58-59	-2.1196988826929655
1308	60-61	-1.9024122305264157
1308	62-63	-1.9848112994715024
1308	64-65	-2.015084406334509
1308	66-67	-1.8967018655728651
1308	68-69	-1.695922921887579
1308	70-71	-1.8026618385825373
1308	72-73	-2.130217061998273
1308	74-75	-1.963623800381555
1308	76-77	-2.0182574319508646
1308	78-79	-1.956408473371713
1308	80-81	-1.9970422966295835
1308	82-83	-2.0850153497735455
1308	84-85	-2.3099117507703575
1308	86-87	-2.6745054294126795
1308	88-89	-2.532019994735606
1308	90-91	-2.6566062225554745
1308	92-93	-2.522887711115427
1308	94-95	-2.4315853066732807
1308	96-97	-2.427001805697703
1308	98-99	-2.3678209309705203
1308	100-101	-2.68059562827872
2101	1	0.8542435528029984
2101	2	0.8437964667113746
2101	3	0.863075783866762
2101	4	0.8417247504671579
2101	5	0.8575156604071665
2101	6	0.8282303733884433
2101	7	0.8155749988134176
2101	8	0.7402761196523571
2101	9	0.8757038641647412
2101	10-11	0.8599639461820203
2101	12-13	0.8866869692395554
2101	14-15	1.1181828986456352
2101	16-17	1.1289995114324043
2101	18-19	1.0509220627721376
2101	20-21	0.9443088289438464
2101	22-23	1.0053159893968555
2101	24-25	0.9457036844198257
2101	26-27	1.0154811738276521
2101	28-29	1.086175980919954
2101	30-31	1.0557089647284528
2101	32-33	1.0544871179531654
2101	34-35	1.0567640759987853
2101	36-37	0.997079558628613
2101	38-39	1.0599011014442254
2101	40-41	1.0491657322563341
2101	42-43	1.0062971616907461
2101	44-45	1.0886584846256042
2101	46-47	1.0793842231708624
2101	48-49	1.1588310810055944
2101	50-51	1.017213742946673
2101	52-53	1.0181090526045367
2101	54-55	0.8962038480426244
2101	56-57	0.9223492503558433
2101	58-59	0.9916504599044416
2101	60-61	0.9334134895013548
2101	62-63	1.0307933931777171
2101	64-65	1.0895530143563548
2101	66-67	1.1280589533923475
2101	68-69	1.1227499770534877
2101	70-71	1.138927107162509
2101	72-73	1.257778449834845
2101	74-75	1.2588893820700093
2101	76-77	1.1847476556984162
2101	78-79	1.1022365383431207
2101	80-81	1.0937828936188545
2101	82-83	1.1453150278865643
2101	84-85	1.169029281190955
2101	86-87	1.216654969862283
2101	88-89	1.3548536692009812
2101	90-91	1.374328621010875
2101	92-93	1.392288662529733
2101	94-95	1.3774626435179478
2101	96-97	1.4264421654776172
2101	98-99	1.5994958476657608
2101	100-101	1.7335813580431143
2102	1	0.6545572982474255
2102	2	0.5790438180872322
2102	3	0.668227194042835
2102	4	0.5575293301260658
2102	5	0.6848305669745969
2102	6	0.6007792104941245
2102	7	0.5880361711975226
2102	8	0.5822149359808364
2102	9	0.6091214790378316
2102	10-11	0.6274154077099396
2102	12-13	0.579786124831351
2102	14-15	0.8298633677705212
2102	16-17	0.8607028257434024
2102	18-19	0.7666301735016177
2102	20-21	0.7924808071059957
2102	22-23	0.8419646660292486
2102	24-25	0.7001945683287119
2102	26-27	0.7732778391569255
2102	28-29	0.8638624440197518
2102	30-31	0.8769776393014581
2102	32-33	0.7759740489128504
2102	34-35	0.7746365688793873
2102	36-37	0.7468003663228586
2102	38-39	0.7616643611279628
2102	40-41	0.8598521049319814
2102	42-43	0.7662253203462939
2102	44-45	0.8944853050782413
2102	46-47	0.811380852209588
2102	48-49	0.9115418485188442
2102	50-51	0.9117154228144528
2102	52-53	0.9018661819699787
2102	54-55	0.8026182299698021
2102	56-57	0.8424528243685785
2102	58-59	0.7864604297719566
2102	60-61	0.7846979830712044
2102	62-63	0.8189429152179528
2102	64-65	0.8248017511239709
2102	66-67	0.7612397426280708
2102	68-69	0.7199541974635153
2102	70-71	0.7778093798665964
2102	72-73	0.8835056007821294
2102	74-75	0.8126613722570681
2102	76-77	0.7999115127468457
2102	78-79	0.818093149154322
2102	80-81	0.9371861966941246
2102	82-83	0.9781876166212804
2102	84-85	0.9944923114869759
2102	86-87	1.0115121678223318
2102	88-89	0.9874436010731742
2102	90-91	1.0227662727665496
2102	92-93	1.0430738652909142
2102	94-95	1.0935704208159756
2102	96-97	1.2150431186373645
2102	98-99	1.2380217165354033
2102	100-101	1.376731576816777
2103	1	0.6057614052766027
2103	2	0.6116753460899105
2103	3	0.5662863108914742
2103	4	0.5237511290585104
2103	5	0.5781650224302908
2103	6	0.5908467496707814
2103	7	0.6066830861537014
2103	8	0.624110152351804
2103	9	0.631326510144163
2103	10-11	0.6589271751642869
2103	12-13	0.6275257018179801
2103	14-15	0.785702997056525
2103	16-17	0.8118951630288933
2103	18-19	0.6668793635390031
2103	20-21	0.7148838903405235
2103	22-23	0.7318977249737131
2103	24-25	0.7207371779307579
2103	26-27	0.6850277922967578
2103	28-29	0.8757524477926495
2103	30-31	0.7846182710541854
2103	32-33	0.8092928195014721
2103	34-35	0.7993727741055139
2103	36-37	0.7926018292176309
2103	38-39	0.8881396081735602
2103	40-41	0.8041619324972586
2103	42-43	0.8671481569266959
2103	44-45	0.8283811856127841
2103	46-47	0.8669530496950912
2103	48-49	0.8595332750365543
2103	50-51	0.8226366267843375
2103	52-53	0.8858767927322617
2103	54-55	0.971396091040404
2103	56-57	0.847776292452231
2103	58-59	0.8864014062761285
2103	60-61	0.8614138061196357
2103	62-63	0.9144273035198438
2103	64-65	0.9887736877633415
2103	66-67	0.8789297905217168
2103	68-69	0.9729880227290124
2103	70-71	0.9803346066227547
2103	72-73	1.0428984000956234
2103	74-75	0.9522423281294863
2103	76-77	0.9970912974777093
2103	78-79	1.0045403486945688
2103	80-81	1.064647207804736
2103	82-83	0.9811050354277064
2103	84-85	1.0458932493307067
2103	86-87	1.0996371389989719
2103	88-89	0.9865098745818166
2103	90-91	1.1139707251655864
2103	92-93	1.1557109959605896
2103	94-95	1.091309098783551
2103	96-97	1.2607576900088802
2103	98-99	1.4498893318945285
2103	100-101	1.5786711515740244
2104	1	0.38798044095568684
2104	2	0.39924814167938294
2104	3	0.48227026114075144
2104	4	0.2696117729073677
2104	5	0.3750369129203719
2104	6	0.4138533692678479
2104	7	0.4154952293666909
2104	8	0.43595229020662885
2104	9	0.35984831849327037
2104	10-11	0.4560164608249906
2104	12-13	0.4041034773511214
2104	14-15	0.45288501376276713
2104	16-17	0.6348996427794873
2104	18-19	0.47194437654629695
2104	20-21	0.5087281488255968
2104	22-23	0.5390544099844021
2104	24-25	0.48606232495028223
2104	26-27	0.5939011580922298
2104	28-29	0.6200216507007994
2104	30-31	0.6260504969554717
2104	32-33	0.5609222226806807
2104	34-35	0.46485280051874156
2104	36-37	0.5489908379460218
2104	38-39	0.4559210090066941
2104	40-41	0.5140001660446174
2104	42-43	0.49917994679349675
2104	44-45	0.539892917761911
2104	46-47	0.6016383542384816
2104	48-49	0.7327578435592628
2104	50-51	0.6533607228562985
2104	52-53	0.6469581208686463
2104	54-55	0.5705267066428164
2104	56-57	0.5714341140550729
2104	58-59	0.5655081248154303
2104	60-61	0.5702138061221049
2104	62-63	0.6716207043397091
2104	64-65	0.6610774952253138
2104	66-67	0.5027677201974541
2104	68-69	0.5220480998956916
2104	70-71	0.45986755223491826
2104	72-73	0.647981992853893
2104	74-75	0.7015524220790468
2104	76-77	0.6504793083593086
2104	78-79	0.7521997092752031
2104	80-81	0.7981469465263267
2104	82-83	0.8245854378112121
2104	84-85	0.9243401228431871
2104	86-87	0.8784697894367994
2104	88-89	0.8013334835932575
2104	90-91	0.9414522453931298
2104	92-93	1.0195033091594716
2104	94-95	0.9631763300414065
2104	96-97	1.0850787823070327
2104	98-99	1.1347323913893739
2104	100-101	1.2520976841350837
2105	1	0.167445808268198
2105	2	0.0034149028007632865
2105	3	-0.1455837811311831
2105	4	0.013840708179934325
2105	5	0.21676642039402338
2105	6	0.1951950554043549
2105	7	0.18400384691720006
2105	8	0.16443297361135478
2105	9	0.24712865369980364
2105	10-11	0.2654013697827011
2105	12-13	0.3316026739043778
2105	14-15	0.3259699989667908
2105	16-17	0.3918652333704813
2105	18-19	0.31008084770673605
2105	20-21	0.3384325973526927
2105	22-23	0.3812890118114254
2105	24-25	0.2703777906609943
2105	26-27	0.3100457448452971
2105	28-29	0.48213125944703705
2105	30-31	0.3775379416685851
2105	32-33	0.35041207013998843
2105	34-35	0.27765743869805704
2105	36-37	0.38449352952715543
2105	38-39	0.4401997578552894
2105	40-41	0.4764412129722686
2105	42-43	0.42885870520184
2105	44-45	0.15061360234040677
2105	46-47	0.40184308014062253
2105	48-49	0.5013599065839642
2105	50-51	0.472871713545274
2105	52-53	0.48838353624812214
2105	54-55	0.3922417325343801
2105	56-57	0.44145113204415765
2105	58-59	0.4676732217209789
2105	60-61	0.4510373156101295
2105	62-63	0.4890101475409878
2105	64-65	0.3518652517067409
2105	66-67	0.4070901365539257
2105	68-69	0.49346398935857394
2105	70-71	0.4960520378837643
2105	72-73	0.5934919495707618
2105	74-75	0.6707974544305983
2105	76-77	0.5372867307706954
2105	78-79	0.5519321619760191
2105	80-81	0.5486190478337392
2105	82-83	0.6121194961457732
2105	84-85	0.6939970287385648
2105	86-87	0.7302327622303793
2105	88-89	0.7271078334960208
2105	90-91	0.8050079632585465
2105	92-93	0.7738430499165716
2105	94-95	0.7171630836354446
2105	96-97	0.8117796128807484
2105	98-99	0.8316949164020677
2105	100-101	0.9136799166216925
2106	1	-0.16482944000020439
2106	2	-0.24067781604249205
2106	3	-0.20894199212133557
2106	4	-0.26711223160098285
2106	5	0.023854377196805387
2106	6	-0.003473276916096779
2106	7	-0.08817722457738597
2106	8	-0.39113714132670907
2106	9	-0.17473489772110895
2106	10-11	-0.3359956728847635
2106	12-13	-0.20213833157342975
2106	14-15	-0.17687779689696725
2106	16-17	0.062167901959988114
2106	18-19	0.0020783534312940333
2106	20-21	-0.13140231619402698
2106	22-23	-0.04991934908007778
2106	24-25	-0.09800439029378083
2106	26-27	-0.02999905775357803
2106	28-29	-0.0013972698933670813
2106	30-31	-0.2956859457887191
2106	32-33	-0.8581876528968877
2106	34-35	-0.33974805183004975
2106	36-37	-0.16844971617275206
2106	38-39	-0.18401026716205848
2106	40-41	-0.16351011221278355
2106	42-43	-0.2532357393978941
2106	44-45	-0.3353405579702766
2106	46-47	-0.4213101824713448
2106	48-49	-0.41720437354650386
2106	50-51	-0.4202936478720858
2106	52-53	-0.1851171677030905
2106	54-55	-0.31444204623760896
2106	56-57	-0.3844010817498358
2106	58-59	-0.4911936348585044
2106	60-61	-0.5175775961736164
2106	62-63	-0.7000296238441521
2106	64-65	-0.7157526155944964
2106	66-67	-0.7349953164174821
2106	68-69	-0.770670484774179
2106	70-71	-0.7632321618313043
2106	72-73	-0.5064082684232183
2106	74-75	-0.40020285257543975
2106	76-77	-0.336031828267533
2106	78-79	-0.3853707676254956
2106	80-81	-0.4232224458440008
2106	82-83	-0.3029891456664906
2106	84-85	-0.1567449081307828
2106	86-87	-0.2846742536378102
2106	88-89	-0.20775776382719258
2106	90-91	-0.1303262850669249
2106	92-93	-0.23862991834606007
2106	94-95	-0.2883666890068959
2106	96-97	-0.243112706419506
2106	98-99	-0.25095797838113043
2106	100-101	-0.25626833049454234
2107	1	-0.43697197329224835
2107	2	-0.3306644963503089
2107	3	-0.4759201027316635
2107	4	-0.41780224925505394
2107	5	-0.578157908665851
2107	6	-0.8095121105900063
2107	7	-0.573712050415061
2107	8	-0.5055417696865945
2107	9	-0.7417087423501769
2107	10-11	-0.6203175913313643
2107	12-13	-0.8112057040761442
2107	14-15	-0.8405437306066688
2107	16-17	-0.7051572510475737
2107	18-19	-0.5538033750994984
2107	20-21	-0.7523912060282072
2107	22-23	-1.518620450646985
2107	24-25	-1.0077648841401157
2107	26-27	-0.8230672405198405
2107	28-29	-0.797338983844881
2107	30-31	-1.0842381389328892
2107	32-33	-1.2094090770316228
2107	34-35	-1.3083652687235343
2107	36-37	-1.241798933363917
2107	38-39	-1.1193624257042671
2107	40-41	-1.1993751013383829
2107	42-43	-1.2400581481490605
2107	44-45	-1.0739216324614276
2107	46-47	-1.2310629242696152
2107	48-49	-1.045540166461457
2107	50-51	-1.1726902177461653
2107	52-53	-1.1471183078325353
2107	54-55	-1.1842237862442246
2107	56-57	-1.2394436403048346
2107	58-59	-1.116714691713014
2107	60-61	-0.9053261263646277
2107	62-63	-1.0338859947724472
2107	64-65	-0.8737318570795125
2107	66-67	-0.8510418630757499
2107	68-69	-0.9340870416292617
2107	70-71	-1.068744708054318
2107	72-73	-1.452816981193223
2107	74-75	-1.5712271372473339
2107	76-77	-1.5040022596140759
2107	78-79	-1.705402779733717
2107	80-81	-1.6876870681499518
2107	82-83	-1.6042291780793896
2107	84-85	-1.5472100951306977
2107	86-87	-1.4833651863918007
2107	88-89	-1.4752363111183726
2107	90-91	-1.4311479902989959
2107	92-93	-1.4827913458709183
2107	94-95	-1.7144896278869375
2107	96-97	-1.8277485744028894
2107	98-99	-1.713398265168987
2107	100-101	-1.6800455452673724
2108	1	-0.5575393733662786
2108	2	-0.6333355609393578
2108	3	-0.6291927095733065
2108	4	-0.4820429977934353
2108	5	-0.6996933199138766
2108	6	-0.6474455368273198
2108	7	-0.7680425051128239
2108	8	-0.5924044948670826
2108	9	-0.7278471236342199
2108	10-11	-0.7656309531623506
2108	12-13	-0.9226802893393753
2108	14-15	-1.0974363845046184
2108	16-17	-1.0604415733879407
2108	18-19	-1.0119898155040161
2108	20-21	-1.3241335962758782
2108	22-23	-1.0249683589413863
2108	24-25	-1.1369030595737826
2108	26-27	-0.9163837459955673
2108	28-29	-0.7183933395541757
2108	30-31	-0.6981621209947946
2108	32-33	-0.8080689577999536
2108	34-35	-0.8785825656481734
2108	36-37	-0.5850348825271041
2108	38-39	-0.61034555529438
2108	40-41	-0.7300629917918684
2108	42-43	-0.9526208964886251
2108	44-45	-0.8731019100245874
2108	46-47	-0.9877120741233867
2108	48-49	-0.7328859609980825
2108	50-51	-0.6321852517472024
2108	52-53	-0.8702762587662534
2108	54-55	-0.8866381604178528
2108	56-57	-1.4749621526861532
2108	58-59	-0.9791235588381753
2108	60-61	-1.338660011341453
2108	62-63	-1.2396628940958507
2108	64-65	-1.016756090665325
2108	66-67	-0.8182594358499742
2108	68-69	-0.8436960324372791
2108	70-71	-0.9767017351093088
2108	72-73	-0.9385133022078591
2108	74-75	-0.8689357347040207
2108	76-77	-1.0535737151595654
2108	78-79	-1.0039827909084096
2108	80-81	-0.9083873145997359
2108	82-83	-1.1547006562690676
2108	84-85	-1.2920173510504647
2108	86-87	-1.4902280144858935
2108	88-89	-1.699703593488671
2108	90-91	-1.376555510116443
2108	92-93	-1.0566313431430991
2108	94-95	-1.0955172231056238
2108	96-97	-0.9478939358338927
2108	98-99	-0.9820434279084402
2108	100-101	-1.0753420311738253
2201	1	0.7731284948320543
2201	2	0.8174819245673213
2201	3	0.7917502158818905
2201	4	0.7678362158026104
2201	5	0.6604663414527039
2201	6	0.7142248472764265
2201	7	0.7836978207178049
2201	8	0.7385530959079105
2201	9	0.6856744151258454
2201	10-11	0.8110587684628712
2201	12-13	0.8718766758751002
2201	14-15	1.1401341270738286
2201	16-17	1.0165063189246766
2201	18-19	0.8957908251401747
2201	20-21	0.9172445085085315
2201	22-23	0.9990449884131962
2201	24-25	0.8696653622813812
2201	26-27	0.8843302393441874
2201	28-29	0.9490942299158363
2201	30-31	0.9866494200222178
2201	32-33	1.058388919194762
2201	34-35	0.9518735431653909
2201	36-37	0.9571089019755874
2201	38-39	0.8818684486665447
2201	40-41	0.8686889677783256
2201	42-43	0.9003646501713405
2201	44-45	0.9931550372480871
2201	46-47	0.8539327873344646
2201	48-49	0.6298869100686986
2201	50-51	0.8526993944160637
2201	52-53	0.9463500682477459
2201	54-55	0.8474406345461105
2201	56-57	0.8243672612630419
2201	58-59	0.8011044653966835
2201	60-61	0.7047410240430452
2201	62-63	0.7908058742940582
2201	64-65	0.7528682339805499
2201	66-67	0.963451891308253
2201	68-69	1.123126541595937
2201	70-71	1.0700470268760043
2201	72-73	1.0415046292063153
2201	74-75	1.1099597014413547
2201	76-77	1.0271180764172243
2201	78-79	1.0684407567074317
2201	80-81	1.0450707957913146
2201	82-83	1.0054472712391487
2201	84-85	1.0997070937777629
2201	86-87	1.1183529351976098
2201	88-89	1.0767840387247958
2201	90-91	1.1330135344264072
2201	92-93	0.9725776545540548
2201	94-95	0.7952331012783809
2201	96-97	0.87797386710632
2201	98-99	0.9162336407342622
2201	100-101	0.9108715595620502
2202	1	0.5357643524656908
2202	2	0.5880208142474288
2202	3	0.33519004203852987
2202	4	0.5090032093944572
2202	5	0.5118845940083361
2202	6	0.5602159877977186
2202	7	0.5705473192429551
2202	8	0.6028009648272246
2202	9	0.7586590082202136
2202	10-11	0.6441311908196994
2202	12-13	0.7126368318651757
2202	14-15	0.8251719619056459
2202	16-17	0.8935607077547303
2202	18-19	0.6859843559120762
2202	20-21	0.7207312949209808
2202	22-23	0.7582767936933195
2202	24-25	0.6027794626250795
2202	26-27	0.672266009958058
2202	28-29	0.7313823975780096
2202	30-31	0.8278004079873966
2202	32-33	0.8662561660804968
2202	34-35	0.7364759860103476
2202	36-37	0.7040708767510537
2202	38-39	0.798962310866635
2202	40-41	0.8529593995042646
2202	42-43	0.7651030391834723
2202	44-45	0.8461018516285392
2202	46-47	0.7460467520393905
2202	48-49	0.758879340689937
2202	50-51	0.7622206806376468
2202	52-53	0.770286224840504
2202	54-55	0.7376994893557267
2202	56-57	0.6664366524096224
2202	58-59	0.6433009954744691
2202	60-61	0.5188965260590024
2202	62-63	0.632318398661269
2202	64-65	0.6761663593273965
2202	66-67	0.6192099498568595
2202	68-69	0.6624665203543145
2202	70-71	0.579740793962209
2202	72-73	0.6780206866991492
2202	74-75	0.652106055808872
2202	76-77	0.7309430014237606
2202	78-79	0.6305639190951737
2202	80-81	0.626978030426951
2202	82-83	0.761847502917032
2202	84-85	0.7103502678745848
2202	86-87	0.7674243101313287
2202	88-89	0.703579947387432
2202	90-91	0.6098801408477605
2202	92-93	0.5903063953050562
2202	94-95	0.6528557949247933
2202	96-97	0.7086462896785726
2202	98-99	0.7524182714095033
2202	100-101	0.74967367374677
2203	1	0.5128936785584237
2203	2	0.5052084806419117
2203	3	0.5409928711782435
2203	4	0.4651356546602088
2203	5	0.5496123000521749
2203	6	0.5649616413659189
2203	7	0.5137354971081791
2203	8	0.6031869880792655
2203	9	0.6238373621164328
2203	10-11	0.6436868460212111
2203	12-13	0.6561461229377485
2203	14-15	0.6663920656041569
2203	16-17	0.6898148097917272
2203	18-19	0.6716841585936564
2203	20-21	0.656010188213429
2203	22-23	0.6349056844892971
2203	24-25	0.622111982523414
2203	26-27	0.49301973523065357
2203	28-29	0.6109833889348053
2203	30-31	0.7543766319533205
2203	32-33	0.7509762590830249
2203	34-35	0.6979217857382594
2203	36-37	0.8076916570624135
2203	38-39	0.758969922168717
2203	40-41	0.7194202435965522
2203	42-43	0.6981692431129574
2203	44-45	0.7838344397038597
2203	46-47	0.7147073384604781
2203	48-49	0.878080188185983
2203	50-51	0.8593239664839274
2203	52-53	0.9073034485739981
2203	54-55	0.8194567362265346
2203	56-57	0.7130422889328756
2203	58-59	0.7729661509106975
2203	60-61	0.6900395957561614
2203	62-63	0.8487293560324289
2203	64-65	0.8156280668029723
2203	66-67	0.8226269086600482
2203	68-69	0.796157695329498
2203	70-71	0.9284404460503524
2203	72-73	0.9477016520488988
2203	74-75	0.8414134876679071
2203	76-77	0.7719212704714309
2203	78-79	0.7918275513656354
2203	80-81	0.5695727564983066
2203	82-83	0.7779042401270395
2203	84-85	0.7853714557299725
2203	86-87	0.8437584461108649
2203	88-89	0.7715708576098095
2203	90-91	0.7603338464670273
2203	92-93	0.8754623806886777
2203	94-95	0.7318728273244517
2203	96-97	0.5776985044126164
2203	98-99	0.7654635775519196
2203	100-101	0.7509216937668413
2204	1	0.3893295855790164
2204	2	0.4220071440123654
2204	3	0.34413409372551484
2204	4	0.4430015628823938
2204	5	0.4230449189189258
2204	6	0.43286050155424505
2204	7	0.37461388024097175
2204	8	0.41167477867222146
2204	9	0.50316005374696
2204	10-11	0.45839366513941826
2204	12-13	0.43713313791773345
2204	14-15	0.5737806813779898
2204	16-17	0.6393296803110076
2204	18-19	0.4206193140774914
2204	20-21	0.4187223298721463
2204	22-23	0.4120529300358058
2204	24-25	0.37792818984735277
2204	26-27	0.45903130370940914
2204	28-29	0.5240821699866558
2204	30-31	0.491871176763766
2204	32-33	0.5625811028184771
2204	34-35	0.4471918296123363
2204	36-37	0.5596368593916878
2204	38-39	0.418117435571709
2204	40-41	0.4652404290191541
2204	42-43	0.40026298480866274
2204	44-45	0.3252509796857268
2204	46-47	0.5080639237038937
2204	48-49	0.44570293098348657
2204	50-51	0.48932301746511087
2204	52-53	0.5663405850640402
2204	54-55	0.6066127336829439
2204	56-57	0.44226307116226593
2204	58-59	0.4320010003679684
2204	60-61	0.4360051881549438
2204	62-63	0.49705037128156704
2204	64-65	0.5950402419860126
2204	66-67	0.581104036754212
2204	68-69	0.5339410874631554
2204	70-71	0.55134062385617
2204	72-73	0.6466555539249583
2204	74-75	0.6621745042155425
2204	76-77	0.501255628484877
2204	78-79	0.520448417158974
2204	80-81	0.6838952401119052
2204	82-83	0.7623837427128493
2204	84-85	0.7333026950609529
2204	86-87	0.8401560841081306
2204	88-89	0.7575561103180242
2204	90-91	0.8264635401779721
2204	92-93	0.7448861431324367
2204	94-95	0.7008782090277244
2204	96-97	0.6983960383952059
2204	98-99	0.6145384244699663
2204	100-101	0.5291771818055473
2205	1	0.18682699541433223
2205	2	0.25933666817884315
2205	3	0.21911630869481513
2205	4	0.26422759573534904
2205	5	0.3363966909548779
2205	6	0.23626549593755897
2205	7	0.20877861804569875
2205	8	0.28624647483634647
2205	9	0.23798138743713082
2205	10-11	0.21330938077193906
2205	12-13	0.2796968058461431
2205	14-15	0.2732321713322605
2205	16-17	0.37634709930460275
2205	18-19	0.290844803620665
2205	20-21	0.2766464354372786
2205	22-23	0.2623743594558263
2205	24-25	0.2083532967182009
2205	26-27	0.20147449767748782
2205	28-29	0.29331182735956673
2205	30-31	0.38420355312604215
2205	32-33	0.3676112295379781
2205	34-35	0.4013039233155169
2205	36-37	0.29338862676518573
2205	38-39	0.32360425649026325
2205	40-41	0.3442839023609636
2205	42-43	0.3925810732132362
2205	44-45	0.4708507508160551
2205	46-47	0.339610273416433
2205	48-49	0.5275547187177594
2205	50-51	0.5071939756921182
2205	52-53	0.5361223541222842
2205	54-55	0.5031357025085939
2205	56-57	0.3533832499683598
2205	58-59	0.3091093050157312
2205	60-61	0.34652617896485083
2205	62-63	0.49016742116996426
2205	64-65	0.3504914064985698
2205	66-67	0.34555344807171195
2205	68-69	0.31920550196581843
2205	70-71	0.39025538926350833
2205	72-73	0.5049852716006598
2205	74-75	0.4614606925630227
2205	76-77	0.3818337768902751
2205	78-79	0.41205852592101877
2205	80-81	0.38127544810416936
2205	82-83	0.48055934440764503
2205	84-85	0.4848764969703616
2205	86-87	0.5941711022899305
2205	88-89	0.6586344940664262
2205	90-91	0.6452155292131074
2205	92-93	0.553554033567984
2205	94-95	0.4678826649425538
2205	96-97	0.3919934042248343
2205	98-99	0.3724002720608901
2205	100-101	0.28215791262459433
2206	1	0.09823487775051376
2206	2	0.07149778310725807
2206	3	0.08645006067527561
2206	4	0.07007472914694546
2206	5	0.05441737058445284
2206	6	0.10520166618472615
2206	7	0.13821435278995864
2206	8	0.13420336883196882
2206	9	0.06154636292698967
2206	10-11	0.09515042581065103
2206	12-13	0.06082052388471482
2206	14-15	-7.326878855948848E-4
2206	16-17	0.15327822059285978
2206	18-19	0.014080165147113632
2206	20-21	0.021388902464266835
2206	22-23	0.08274407311670728
2206	24-25	-0.13778565002350263
2206	26-27	-0.05125812145860209
2206	28-29	-0.10192260585984769
2206	30-31	0.05648243463585345
2206	32-33	0.10503910469737576
2206	34-35	0.1388830025411707
2206	36-37	0.14473425172221965
2206	38-39	0.13019962597743273
2206	40-41	0.1957729732379292
2206	42-43	0.1076821082515238
2206	44-45	0.04188082515953084
2206	46-47	0.1151516660894103
2206	48-49	0.15676686697294429
2206	50-51	0.07319161705582644
2206	52-53	0.2111281501033062
2206	54-55	0.08173270040290959
2206	56-57	0.13585382225979714
2206	58-59	-0.027802053100792534
2206	60-61	-0.10878456403720094
2206	62-63	-0.17345804753724536
2206	64-65	-0.22642020692729403
2206	66-67	-0.16689900810958846
2206	68-69	-0.18799737747076506
2206	70-71	-0.1630553596631188
2206	72-73	-0.014907229900124719
2206	74-75	0.07431547332160449
2206	76-77	-0.011995011427863744
2206	78-79	0.016694234207015768
2206	80-81	0.01799147936515766
2206	82-83	0.11872701246399586
2206	84-85	0.17475836937007827
2206	86-87	0.18429276092547298
2206	88-89	0.280091630994761
2206	90-91	0.267215297329674
2206	92-93	0.18781879204779628
2206	94-95	0.05206781983067188
2206	96-97	0.06566865649462983
2206	98-99	-0.013100846866272775
2206	100-101	-0.05024853295563858
2207	1	-0.48521554933353883
2207	2	-0.5303002333643931
2207	3	-0.704540797338737
2207	4	-0.5097706491832881
2207	5	-0.4815740217288891
2207	6	-0.49503373759200286
2207	7	-0.7154917585774143
2207	8	-0.7650147494840027
2207	9	-0.8249812008234301
2207	10-11	-0.6523030145138762
2207	12-13	-0.7719136608827668
2207	14-15	-1.0074562214640466
2207	16-17	-0.7863912845059886
2207	18-19	-0.9024984671389547
2207	20-21	-1.0421866109314308
2207	22-23	-1.139999651453799
2207	24-25	-1.0584972685070966
2207	26-27	-0.9158347730815066
2207	28-29	-0.9857164149257471
2207	30-31	-1.2310947060572701
2207	32-33	-1.5246901113268478
2207	34-35	-1.4709704728348072
2207	36-37	-1.573309864451268
2207	38-39	-1.483694378380882
2207	40-41	-1.6655503170802106
2207	42-43	-1.5768954845835879
2207	44-45	-1.599586037744558
2207	46-47	-1.7361244286978845
2207	48-49	-1.6447165943127473
2207	50-51	-1.681587173435858
2207	52-53	-1.769130146099954
2207	54-55	-1.5180294205281868
2207	56-57	-1.4155771172139069
2207	58-59	-1.6274338516948958
2207	60-61	-1.5229578658884364
2207	62-63	-1.4521918624802481
2207	64-65	-1.3176810906784624
2207	66-67	-1.4209910187368422
2207	68-69	-1.858755573443176
2207	70-71	-1.790125808668634
2207	72-73	-1.9533325280990752
2207	74-75	-2.0867668931123617
2207	76-77	-1.982202654620913
2207	78-79	-2.108325531446802
2207	80-81	-2.0737135143911907
2207	82-83	-2.07800783562519
2207	84-85	-2.1105980684609236
2207	86-87	-2.1832818383730874
2207	88-89	-2.083459639330137
2207	90-91	-1.8871824093207508
2207	92-93	-2.112013870401743
2207	94-95	-2.446485559153384
2207	96-97	-2.5675626143259365
2207	98-99	-2.458949325442294
2207	100-101	-2.564804204417971
2208	1	-0.7673028293261943
2208	2	-0.7001703578757486
2208	3	-0.5035448201963213
2208	4	-0.7656914448177616
2208	5	-0.5102017855278476
2208	6	-0.7380794749134054
2208	7	-0.7006197941394774
2208	8	-0.8715410408974407
2208	9	-1.2292157426820154
2208	10-11	-1.0858539114600134
2208	12-13	-1.000310027977811
2208	14-15	-1.2932895194319016
2208	16-17	-3.5535918812204486
2208	18-19	-1.4266262870400652
2208	20-21	-1.2994006377387137
2208	22-23	-1.225659879244546
2208	24-25	-0.9960800766809044
2208	26-27	-0.9417968292288563
2208	28-29	-1.2540680381618117
2208	30-31	-1.1839249474551465
2208	32-33	-0.920997086795488
2208	34-35	-1.1415766537307803
2208	36-37	-0.9061606661874322
2208	38-39	-0.91608712666347
2208	40-41	-0.9347723496048346
2208	42-43	-0.8925794124347988
2208	44-45	-1.081165806999877
2208	46-47	-1.259762983339094
2208	48-49	-1.0881264792287482
2208	50-51	-1.1501688666359229
2208	52-53	-0.9285703077193546
2208	54-55	-0.8775966138113276
2208	56-57	-0.9203316664854739
2208	58-59	-1.018815273104586
2208	60-61	-0.9895304709382842
2208	62-63	-1.0690845180789879
2208	64-65	-1.0393596527406714
2208	66-67	-1.2363823397979985
2208	68-69	-1.052440830366244
2208	70-71	-1.1052534381126016
2208	72-73	-0.9610372761687103
2208	74-75	-0.977212587257366
2208	76-77	-1.1949608497685738
2208	78-79	-1.1353285750485753
2208	80-81	-1.2089892248528535
2208	82-83	-1.2718146866069624
2208	84-85	-1.5586383637795755
2208	86-87	-1.3732383987720986
2208	88-89	-1.277440093515409
2208	90-91	-1.2621590893598622
2208	92-93	-1.2270325372658526
2208	94-95	-1.3638020547399066
2208	96-97	-1.4081295918225898
2208	98-99	-1.4631410873910582
2208	100-101	-1.6399431543097869
2301	1	0.8638882398999286
2301	2	0.8911371936013204
2301	3	0.8824863850808882
2301	4	0.8643383558422641
2301	5	0.7628936866555662
2301	6	0.8027891284344335
2301	7	0.7953343889683566
2301	8	0.7824135136975272
2301	9	0.9431818079549572
2301	10-11	0.8946266217138827
2301	12-13	0.923527473107832
2301	14-15	0.9893867341066596
2301	16-17	1.0163369841835461
2301	18-19	1.017376443090086
2301	20-21	0.9780680818289653
2301	22-23	0.9033792926913762
2301	24-25	0.8876070790145292
2301	26-27	0.8781072228571034
2301	28-29	0.9813791301761015
2301	30-31	0.9578416830881196
2301	32-33	1.0547579833424763
2301	34-35	1.043545679959287
2301	36-37	1.0726807330274752
2301	38-39	1.0410407844508356
2301	40-41	0.9473354543027028
2301	42-43	1.0450170776151637
2301	44-45	0.9986812223278534
2301	46-47	0.9642195002094311
2301	48-49	0.08610662533121172
2301	50-51	0.5223572302620738
2301	52-53	0.8863236741314324
2301	54-55	0.9227302315208732
2301	56-57	0.8022936601379556
2301	58-59	0.9464279503181032
2301	60-61	1.00425179208397
2301	62-63	0.9185680332019857
2301	64-65	-0.055302323844045986
2301	66-67	0.676870743991735
2301	68-69	0.9705199471599499
2301	70-71	0.9999930871464286
2301	72-73	0.9721025970389974
2301	74-75	1.0138707764221238
2301	76-77	0.978648552260168
2301	78-79	0.9372572275298907
2301	80-81	0.8242755908472326
2301	82-83	0.9496014262087407
2301	84-85	1.076937485778906
2301	86-87	1.0683560423682366
2301	88-89	1.0870823830808618
2301	90-91	0.9351056948211145
2301	92-93	-0.1637442954186099
2301	94-95	0.5539506899356468
2301	96-97	0.8734761919518519
2301	98-99	1.0721930310938284
2301	100-101	1.149602748782005
2302	1	0.7046296789146886
2302	2	0.661707140125408
2302	3	0.5755558351313077
2302	4	0.600943023130668
2302	5	0.6301853258919579
2302	6	0.6895614418356288
2302	7	0.5954291315937255
2302	8	0.7150078134123206
2302	9	0.7969659094164783
2302	10-11	0.7785446773991751
2302	12-13	0.7681046198414165
2302	14-15	0.9613026937042619
2302	16-17	0.9435769308350714
2302	18-19	0.8738250631133937
2302	20-21	0.7387064226184279
2302	22-23	0.7306593443315066
2302	24-25	0.17621566115096954
2302	26-27	0.32991984445943245
2302	28-29	0.46991437899429656
2302	30-31	0.7409180724479967
2302	32-33	0.8178867922260835
2302	34-35	0.885346981874406
2302	36-37	0.8536918680026631
2302	38-39	0.8622694015281169
2302	40-41	0.8305426235263198
2302	42-43	0.9531625851463019
2302	44-45	0.868993251497308
2302	46-47	0.9996974091146527
2302	48-49	0.9032781223272437
2302	50-51	1.1029433218692049
2302	52-53	1.0261032368013048
2302	54-55	0.8893166145926799
2302	56-57	0.8109779218796618
2302	58-59	0.8080177353348361
2302	60-61	0.7879553322597346
2302	62-63	0.8019006756616349
2302	64-65	0.8047805358662075
2302	66-67	0.8369507280483077
2302	68-69	0.9266053812591508
2302	70-71	0.9717624903951148
2302	72-73	0.9892724152800696
2302	74-75	0.9751955692152094
2302	76-77	0.9167456865352364
2302	78-79	0.054989289226313076
2302	80-81	0.24564007415103006
2302	82-83	0.7520835373790185
2302	84-85	0.8855374237339504
2302	86-87	0.968228088275346
2302	88-89	1.0248673498964465
2302	90-91	-0.4866203262450419
2302	92-93	-0.18952863014941457
2302	94-95	0.7302414219488149
2302	96-97	0.9680021965250418
2302	98-99	0.9543461309094887
2302	100-101	1.0378296983205466
2303	1	0.601913086126153
2303	2	0.6058672820812738
2303	3	0.6413501765259184
2303	4	0.5853467030282857
2303	5	0.5068356474367306
2303	6	0.6229406470627623
2303	7	0.5494097721466602
2303	8	0.6103296542853869
2303	9	0.5476516561409923
2303	10-11	0.6346674768210576
2303	12-13	0.667892521827774
2303	14-15	0.7866724617274556
2303	16-17	0.7319453167129026
2303	18-19	0.7449829804093113
2303	20-21	0.7366086882674807
2303	22-23	0.572997878121889
2303	24-25	0.49260863217077144
2303	26-27	0.41090405245547146
2303	28-29	-0.32637588401389905
2303	30-31	0.2501795238827711
2303	32-33	0.581225906279272
2303	34-35	0.7644305022826927
2303	36-37	0.7029668013484169
2303	38-39	0.6956858109479853
2303	40-41	0.767141578207827
2303	42-43	0.749528649393099
2303	44-45	0.7457762396104854
2303	46-47	0.8974147187731205
2303	48-49	0.9801599045606366
2303	50-51	0.954538393846434
2303	52-53	0.9655466730719624
2303	54-55	0.8647408442251177
2303	56-57	0.8264285376475939
2303	58-59	0.8293578511270212
2303	60-61	0.8250322478994647
2303	62-63	0.8438754624711393
2303	64-65	0.761062953155367
2303	66-67	0.8753599448276788
2303	68-69	0.8797777718030417
2303	70-71	0.8167173779802468
2303	72-73	0.9385796818151917
2303	74-75	0.8621674935174894
2303	76-77	0.7137014397959547
2303	78-79	0.8143802492234045
2303	80-81	0.79996807565065
2303	82-83	0.8896492352262193
2303	84-85	0.9438285847113121
2303	86-87	0.9817773074502867
2303	88-89	0.9513270379271077
2303	90-91	1.0958957570160202
2303	92-93	1.049692352773306
2303	94-95	1.062727904612938
2303	96-97	1.0205209854132526
2303	98-99	0.838058439007856
2303	100-101	0.9745626326984258
2304	1	0.40598772481484957
2304	2	0.4753870578223882
2304	3	0.5027280318009595
2304	4	0.4791585682038999
2304	5	0.5449102083561073
2304	6	0.5313103723940387
2304	7	0.4440552243417102
2304	8	0.46251713985661524
2304	9	0.5415801850385051
2304	10-11	0.5460560407946602
2304	12-13	0.46776975370504914
2304	14-15	0.6189799148288913
2304	16-17	0.5977836156655485
2304	18-19	0.5545788136442624
2304	20-21	0.5163628540824519
2304	22-23	0.5232770639825546
2304	24-25	0.4769768199103339
2304	26-27	0.41167360017089294
2304	28-29	0.5291773398190784
2304	30-31	0.6169070422357095
2304	32-33	0.5445467635262204
2304	34-35	0.4486844793871825
2304	36-37	0.4495943353252514
2304	38-39	0.43108519289200586
2304	40-41	0.481464023845966
2304	42-43	0.5090501450539335
2304	44-45	0.5487053109913731
2304	46-47	0.5730129508881987
2304	48-49	0.5895698621981609
2304	50-51	0.5993920123077743
2304	52-53	0.6654677782662475
2304	54-55	0.6857823677819326
2304	56-57	0.5069096796807528
2304	58-59	0.5300576513201634
2304	60-61	0.5949017143346893
2304	62-63	0.6728024967584716
2304	64-65	0.5650497887047692
2304	66-67	0.6240494633447611
2304	68-69	0.6493604178903709
2304	70-71	0.7415529172964526
2304	72-73	0.6018961573901507
2304	74-75	0.7041284314012728
2304	76-77	0.7006635802009242
2304	78-79	0.7755392357729392
2304	80-81	0.8493966525107588
2304	82-83	0.7954359462168235
2304	84-85	0.8727605732634025
2304	86-87	0.9687750048941162
2304	88-89	0.9043750971166489
2304	90-91	0.9727966471718759
2304	92-93	0.9334424998117932
2304	94-95	0.9012989538329883
2304	96-97	0.8982100937796353
2304	98-99	0.9491343695753933
2304	100-101	0.9373134093789908
2305	1	0.28192357633465903
2305	2	0.29054654812346214
2305	3	0.334073025542736
2305	4	0.2659003634863808
2305	5	0.22754474209197895
2305	6	0.3075041231457689
2305	7	0.3129810654365812
2305	8	0.33181137763215673
2305	9	0.332624660449234
2305	10-11	0.29847359306685206
2305	12-13	0.28459775587139546
2305	14-15	0.3084941899053675
2305	16-17	0.353571377678513
2305	18-19	0.2267600683065112
2305	20-21	0.1937283513860777
2305	22-23	0.2686354901771324
2305	24-25	0.20627492136387104
2305	26-27	0.16563688803955756
2305	28-29	0.19828128285269742
2305	30-31	0.2966462601505384
2305	32-33	0.3027579784370218
2305	34-35	0.39060647635184864
2305	36-37	0.41132168270998903
2305	38-39	0.33779360065716446
2305	40-41	0.3296972582662292
2305	42-43	0.3508687612564927
2305	44-45	0.3900944712844776
2305	46-47	0.12801751916710202
2305	48-49	0.3230396257705124
2305	50-51	0.4113218501069156
2305	52-53	0.5298663869847289
2305	54-55	0.44500209683511827
2305	56-57	0.3795795461353677
2305	58-59	0.37055594788074586
2305	60-61	0.4337113645587891
2305	62-63	0.4596472319258069
2305	64-65	0.3702145147350464
2305	66-67	0.341256404251574
2305	68-69	0.41542818765781675
2305	70-71	0.3902082247942644
2305	72-73	0.5084351171360311
2305	74-75	0.4767774227359922
2305	76-77	0.25660381936687315
2305	78-79	0.33896102818094676
2305	80-81	0.38535595175020276
2305	82-83	0.41582378849802737
2305	84-85	0.46794850336769755
2305	86-87	0.5427515571371302
2305	88-89	0.6071481896380853
2305	90-91	0.6637939699004001
2305	92-93	0.5711795157596704
2305	94-95	0.4766707079376715
2305	96-97	0.4177000742260901
2305	98-99	0.2623601112521321
2305	100-101	0.1944656370802207
2306	1	0.010853794817585083
2306	2	-0.1294966802939186
2306	3	0.02213451091265739
2306	4	0.05412705465388257
2306	5	8.601381743744696E-5
2306	6	0.09419807530350965
2306	7	0.06192638454965049
2306	8	-0.028021014892409823
2306	9	-0.002154844831743219
2306	10-11	0.015293756967700745
2306	12-13	0.03674637727456087
2306	14-15	-0.001946418915728998
2306	16-17	0.029211193584551154
2306	18-19	-0.04471746375833874
2306	20-21	-0.15286657800263725
2306	22-23	-0.19063524523163977
2306	24-25	-0.1093577686641396
2306	26-27	-0.13814784805298075
2306	28-29	0.04396233893277923
2306	30-31	-0.044129526419382614
2306	32-33	-0.025709241990647058
2306	34-35	0.008547906790191462
2306	36-37	0.029007362849561957
2306	38-39	-0.033515721554771005
2306	40-41	-0.08177877859349536
2306	42-43	-0.2032684825030202
2306	44-45	-0.2664100210698521
2306	46-47	-0.0911746396222739
2306	48-49	-0.15075520004523213
2306	50-51	-0.1680334427329626
2306	52-53	-0.01173585040675107
2306	54-55	-0.08234634500252724
2306	56-57	-0.18291984097341896
2306	58-59	-0.26481430930297734
2306	60-61	-0.3287364666542132
2306	62-63	-0.6440601121087397
2306	64-65	-0.4990916062721311
2306	66-67	-0.47574253883171735
2306	68-69	-0.5379683336666972
2306	70-71	-0.47170951582943843
2306	72-73	-0.3632450860997025
2306	74-75	-0.28475582187512316
2306	76-77	-0.28012903160371394
2306	78-79	-0.25490339403704354
2306	80-81	-0.20806105755849202
2306	82-83	-0.16527116199679526
2306	84-85	-0.10318313096569298
2306	86-87	-0.08426727534995848
2306	88-89	-0.06534719086849705
2306	90-91	-0.07566813525673766
2306	92-93	-0.18587314240944863
2306	94-95	-0.30801530928909315
2306	96-97	-0.3200798231526889
2306	98-99	-0.3278337429207525
2306	100-101	-0.4223441489185369
2307	1	-0.7169450639573078
2307	2	-0.6090674374272034
2307	3	-0.402661538481464
2307	4	-0.5372173290106588
2307	5	-0.5028753623175888
2307	6	-0.827105371832296
2307	7	-0.8524194470813455
2307	8	-0.5771383966796151
2307	9	-0.7531030009901798
2307	10-11	-0.8464806721167335
2307	12-13	-0.7379470279250739
2307	14-15	-1.147717900678252
2307	16-17	-1.108707528539945
2307	18-19	-1.146261696949118
2307	20-21	-0.9549915211578153
2307	22-23	-1.2499873358709905
2307	24-25	-1.3133590114255753
2307	26-27	-1.0944067764769088
2307	28-29	-1.2652873537458191
2307	30-31	-1.3432779657899374
2307	32-33	-1.309303728440888
2307	34-35	-1.4407515330325324
2307	36-37	-1.622483288167608
2307	38-39	-1.6499329927714896
2307	40-41	-1.6669594689928857
2307	42-43	-1.682847321594494
2307	44-45	-1.6901003025942387
2307	46-47	-1.6247562034640097
2307	48-49	-1.5482094735369785
2307	50-51	-1.5426450630476296
2307	52-53	-1.4823757795921821
2307	54-55	-2.122512075860122
2307	56-57	-1.6066556529187963
2307	58-59	-1.642712418147589
2307	60-61	-1.4647358852397971
2307	62-63	-1.4052029893526097
2307	64-65	-1.215292411090111
2307	66-67	-1.5397969068384612
2307	68-69	-1.6954274504417413
2307	70-71	-2.069754055411966
2307	72-73	-2.1987025433077676
2307	74-75	-2.4208313131396224
2307	76-77	-2.1266509547946093
2307	78-79	-2.393734585042388
2307	80-81	-2.384204295781384
2307	82-83	-2.2368813205458515
2307	84-85	-2.2353382015701513
2307	86-87	-2.3850736274177073
2307	88-89	-2.402996613287492
2307	90-91	-2.389535076941055
2307	92-93	-2.5190079858739374
2307	94-95	-2.610842010203811
2307	96-97	-2.8527419635173032
2307	98-99	-2.981701723718988
2307	100-101	-2.959872631243268
2308	1	-0.7134531066751322
2308	2	-0.76959850085127
2308	3	-1.3465519977375209
2308	4	-1.3174662605951966
2308	5	-0.7807721568598893
2308	6	-1.4094258021863126
2308	7	-1.051606266263235
2308	8	-0.617743218072448
2308	9	-0.9085784807003137
2308	10-11	-1.1394922833709487
2308	12-13	-0.9571533129478809
2308	14-15	-1.234984887888622
2308	16-17	-1.6373615527329193
2308	18-19	-1.0643174052958315
2308	20-21	-0.7947406078669417
2308	22-23	-1.51801547730728
2308	24-25	-1.1899291245706536
2308	26-27	-1.2345935639861665
2308	28-29	-1.3027532568015445
2308	30-31	-1.4119505311026685
2308	32-33	-1.369898839175299
2308	34-35	-1.2603914779301277
2308	36-37	-1.1855043581781501
2308	38-39	-1.9223887024317392
2308	40-41	-1.3979263424130792
2308	42-43	-1.2986160091925356
2308	44-45	-1.7305203807080716
2308	46-47	-1.9440612234101238
2308	48-49	-1.5368336003384826
2308	50-51	-1.4549332499976373
2308	52-53	-1.2035931627436298
2308	54-55	-0.9068313909865751
2308	56-57	-1.7277490582991035
2308	58-59	-1.688600166659164
2308	60-61	-1.2822507597131363
2308	62-63	-1.2249774251369914
2308	64-65	-1.454527777848078
2308	66-67	-1.4643800609613677
2308	68-69	-1.6060358388334919
2308	70-71	-1.6668878614796263
2308	72-73	-1.8387646280323366
2308	74-75	-1.4943966476656847
2308	76-77	-1.5724752166337126
2308	78-79	-1.6133322188458905
2308	80-81	-1.4301816679011026
2308	82-83	-1.6852743699712605
2308	84-85	-1.745325401766756
2308	86-87	-1.9394117511435454
2308	88-89	-1.6502937690438344
2308	90-91	-1.6117419498700336
2308	92-93	-1.5161604648319873
2308	94-95	-1.5197197928802666
2308	96-97	-1.4820379549301492
2308	98-99	-1.5534203708383316
2308	100-101	-1.7374567283513223
>>END_MODULE
>>Per sequence quality scores	pass
#Quality	Count
2	930328.0
3	273461.0
4	270916.0
5	307607.0
6	351739.0
7	451383.0
8	606555.0
9	637071.0
10	716585.0
11	780044.0
12	849181.0
13	899496.0
14	945263.0
15	988826.0
16	1036751.0
17	1093861.0
18	1172546.0
19	1281054.0
20	1416472.0
21	1596608.0
22	1825609.0
23	2107225.0
24	2452220.0
25	2863291.0
26	3351128.0
27	3932340.0
28	4617643.0
29	5436001.0
30	6447061.0
31	7704522.0
32	9308095.0
33	1.1403304E7
34	1.4305181E7
35	1.8523818E7
36	2.5306298E7
37	3.5149916E7
38	3.7308985E7
39	1.2462997E7
40	90962.0
>>END_MODULE
>>Per base sequence content	pass
#Base	G	A	T	C
1	19.52379394072242	33.802882620550854	29.573445494297424	17.0998779444293
2	19.131764973701788	33.83876348077256	31.00740036007432	16.022071185451324
3	18.520882655051622	31.728352173946533	32.31749963638802	17.43326553461382
4	19.311580051275083	30.913049251051728	32.025669598160825	17.74970109951236
5	19.633907000374315	31.497197431628948	31.407660259148273	17.46123530884846
6	19.43869845261025	31.585783771056747	30.565173778949145	18.410343997383862
7	19.39199097182333	31.26309691114548	31.610275348662736	17.73463676836845
8	18.53512791139927	31.61191679920775	31.65760575292505	18.195349536467926
9	18.683571414219013	31.097723578558128	32.037404224290064	18.181300782932798
10-11	18.68497408306251	31.454895074618683	32.051256169611825	17.80887467270698
12-13	18.542834869577856	31.31297359833069	32.36097205052663	17.783219481564828
14-15	18.5840521310946	31.200451746393693	32.37380101495577	17.841695107555942
16-17	18.715318823746845	31.12954553278926	32.27746164076769	17.8776740026962
18-19	18.758294329427162	31.049361092049104	32.17719271987104	18.01515185865269
20-21	18.822226183954648	31.04425926010918	32.10680930691502	18.026705249021152
22-23	18.855710081478236	31.06270403521531	32.063231751855646	18.018354131450803
24-25	18.903510479491747	31.051017786295454	31.982539388624144	18.06293234558866
26-27	18.8646236564066	31.078616781976248	31.98409138424732	18.072668177369835
28-29	18.931657797000405	31.122326042547115	31.904611592332916	18.041404568119564
30-31	18.9199075525533	31.125640447327534	31.881285472581382	18.073166527537783
32-33	18.901993448110346	31.15769167512375	31.883226201382048	18.057088675383856
34-35	18.89267806875624	31.18357682800018	31.87013826055515	18.053606842688424
36-37	18.903718023066805	31.173251391563735	31.854308184615775	18.06872240075369
38-39	18.89067002732569	31.1845243908482	31.86649413238007	18.058311449446045
40-41	18.8953440539423	31.18676001656584	31.877831715292793	18.040064214199067
42-43	18.894249676803128	31.187003960814547	31.85349471948149	18.065251642900837
44-45	18.90203374696383	31.196577652133644	31.868018410975306	18.03337018992722
46-47	18.885087725521892	31.21195181001315	31.87152043342917	18.03144003103579
48-49	18.90300798563242	31.204206000137972	31.85191667618549	18.040869338044114
50-51	18.845410570951415	31.220386389188786	31.910607176764255	18.023595863095544
52-53	18.82647511710653	31.23462790284882	31.9229543084727	18.015942671571946
54-55	18.83972477881053	31.230657534411314	31.912715645635338	18.016902041142817
56-57	18.81747036146479	31.23294254660455	31.9343457528255	18.015241339105163
58-59	18.809515213539175	31.259771184044798	31.936215459308244	17.99449814310778
60-61	18.801357819333465	31.25718243388175	31.932946915812348	18.008512830972435
62-63	18.78340633698016	31.269823288724968	31.960821277406133	17.985949096888742
64-65	18.784812421247693	31.28581729393143	31.968037593159437	17.961332691661443
66-67	18.736284379317155	31.279836291171375	31.99579019040215	17.988089139109313
68-69	18.742995187438964	31.288536061344622	32.00061665921301	17.9678520920034
70-71	18.734652524456152	31.30450564592895	32.01648156607379	17.9443602635411
72-73	18.73741149992465	31.305455356441474	32.005187987841204	17.951945155792675
74-75	18.72053845948555	31.31257214364555	32.03054528275642	17.936344114112483
76-77	18.708474749215625	31.340264763341953	32.02572884655115	17.925531640891272
78-79	18.734405822974573	31.3200769556933	32.012680958635436	17.93283626269669
80-81	18.69370781378202	31.32628591907325	32.05182541179549	17.928180855349236
82-83	18.696393376110205	31.33403779126135	32.055513910820686	17.91405492180776
84-85	18.697151255224334	31.32605501891871	32.054979355249166	17.921814370607795
86-87	18.684131540438205	31.34799123891994	32.054201307087595	17.91367591355427
88-89	18.685635022410587	31.35246449095841	32.076027157238265	17.88587332939273
90-91	18.70657480539251	31.34394924279405	32.05738934468111	17.892086607132327
92-93	18.693464665426372	31.355355653947854	32.066943500402424	17.884236180223354
94-95	18.675140857341464	31.373419698983067	32.080243863284416	17.871195580391046
96-97	18.666128937239947	31.368438768183736	32.0781877427656	17.887244551810717
98-99	18.682465762532043	31.36726579331201	32.08696927988032	17.863299164275624
100-101	18.796376806515376	31.351578500359135	31.99148736027248	17.86055733285301
>>END_MODULE
>>Per sequence GC content	pass
#GC Content	Count
0	7785.0
1	12288.0
2	21765.0
3	29854.5
4	35431.5
5	41311.5
6	49005.0
7	58280.0
8	68497.0
9	79951.0
10	94127.0
11	114493.0
12	149866.0
13	210509.5
14	307906.5
15	457243.0
16	652981.0
17	873170.0
18	1120506.5
19	1406609.0
20	1729707.5
21	2085951.0
22	2468295.0
23	2887748.5
24	3362234.5
25	3886090.5
26	4478075.5
27	5149558.0
28	5891180.5
29	6661918.5
30	7430933.5
31	8184641.5
32	8893478.0
33	9497256.5
34	9924830.5
35	1.0196749E7
36	1.0320551E7
37	1.0257677E7
38	1.0037162E7
39	9678490.0
40	9184610.0
41	8591665.0
42	7921768.0
43	7205162.5
44	6490076.5
45	5781343.5
46	5090538.5
47	4460456.0
48	3876977.0
49	3331768.5
50	2838944.0
51	2403699.5
52	2033781.5
53	1725019.0
54	1463282.0
55	1242165.5
56	1057555.5
57	903672.0
58	780877.0
59	682570.5
60	599941.0
61	531297.0
62	473640.0
63	423998.0
64	381611.0
65	346672.0
66	316999.0
67	290285.0
68	265330.0
69	242078.0
70	219987.0
71	198039.0
72	175461.5
73	153814.0
74	134279.5
75	116634.0
76	99504.5
77	82584.0
78	66221.5
79	51750.0
80	40253.0
81	30668.0
82	22564.5
83	16649.5
84	12213.5
85	8674.0
86	6288.0
87	4615.0
88	3404.0
89	2601.5
90	2006.0
91	1564.5
92	1237.5
93	955.5
94	740.0
95	562.0
96	405.0
97	282.0
98	184.5
99	114.5
100	64.5
>>END_MODULE
>>Per base N content	pass
#Base	N-Count
1	0.21733494929572242
2	0.19847484165210674
3	0.22605682797853546
4	0.210970188502931
5	0.22989358661540038
6	0.19224796366646082
7	0.19217472755250153
8	0.22761196521322563
9	0.21830148517007342
10-11	0.2142427578174432
12-13	0.20850818926452327
14-15	0.20510971712447007
16-17	0.20214207224739927
18-19	0.20729143000081152
20-21	0.2193512028034893
22-23	0.21687021642442547
24-25	0.2083237427552926
26-27	0.18815103599512958
28-29	0.21607094821775916
30-31	0.15830053843507436
32-33	0.1076622863800317
34-35	0.1116735458810217
36-37	0.14530790932897128
38-39	0.15124274700833526
40-41	0.17199885626889586
42-43	0.16771929038744404
44-45	0.17190392056561535
46-47	0.058688121581063006
48-49	0.06740118480571428
50-51	0.23251833277371747
52-53	0.2281065350198393
54-55	0.23208434098729233
56-57	0.2132312405027283
58-59	0.21409899803818988
60-61	0.1972406775094602
62-63	0.2216050216068462
64-65	0.20759477217653163
66-67	0.19434152196118465
68-69	0.2188039662852938
70-71	0.22950028155895255
72-73	0.20748310970648262
74-75	0.23576807231196462
76-77	0.2165266395935056
78-79	0.20219767744503503
80-81	0.20825819191255132
82-83	0.20048476611298824
84-85	0.20030484035153281
86-87	0.20946839609198897
88-89	0.20499805465442109
90-91	0.23275544599453002
92-93	0.23537951404068083
94-95	0.18999617919960277
96-97	0.2171911895164691
98-99	0.22031864282739538
100-101	0.21666587862498365
>>END_MODULE
>>Sequence Length Distribution	pass
#Length	Count
101	2.21202343E8
>>END_MODULE
>>Sequence Duplication Levels	warn
#Total Deduplicated Percentage	65.6232715759628
#Duplication Level	Percentage of deduplicated	Percentage of total
1	73.72929497940932	48.38357547538049
2	17.983357083517188	23.602534514783255
3	5.218711550744831	10.27406776113426
4	1.5758647370432972	4.136535984239021
5	0.5735314421449704	1.8818504792616497
6	0.2460071692931782	0.9686277168096055
7	0.11971214158192363	0.5499131664579477
8	0.07581671126236932	0.3980272506533455
9	0.05402793008077429	0.31909405755400033
>10	0.33178019637599504	4.60122441878823
>50	0.07625324711908615	3.447258838497167
>100	0.015581653333459696	1.4070965693756068
>500	5.412815378919303E-5	0.023182361090647554
>1k	7.029939913940737E-6	0.007011405974824638
>5k	0.0	0.0
>10k+	0.0	0.0
>>END_MODULE
>>Overrepresented sequences	pass
>>END_MODULE
>>Adapter Content	pass
#Position	Illumina Universal Adapter	Illumina Small RNA 3' Adapter	Illumina Small RNA 5' Adapter	Nextera Transposase Sequence	SOLID Small RNA Adapter
1	4.697056938497256E-4	9.041495550524073E-7	9.041495550524073E-7	9.041495550524073E-7	4.5207477752620367E-7
2	5.384210600337086E-4	4.520747775262037E-6	1.8082991101048147E-6	3.1645234426834256E-6	4.5207477752620367E-7
3	6.799204653994104E-4	4.972822552788241E-6	2.2603738876310186E-6	7.233196440419259E-6	1.8082991101048147E-6
4	7.820893651203324E-4	5.424897330314445E-6	2.2603738876310186E-6	8.58942077299787E-6	2.2603738876310186E-6
5	9.339864903691368E-4	5.876972107840648E-6	2.7124486651572223E-6	1.1753944215681297E-5	3.6165982202096294E-6
6	0.0010876919147280461	8.137345995471667E-6	2.7124486651572223E-6	1.4466392880838517E-5	4.0686729977358335E-6
7	0.001249534685082427	9.041495550524074E-6	3.1645234426834256E-6	1.717884154599574E-5	5.876972107840648E-6
8	0.001414089904101965	9.493570328050278E-6	3.6165982202096294E-6	2.0343364988679167E-5	7.233196440419259E-6
9	0.0016188797783213355	1.2658093770733703E-5	3.6165982202096294E-6	2.3959963208888794E-5	8.137345995471667E-6
10-11	0.0019204136549313133	1.469243026960162E-5	3.842635608972732E-6	2.7350524040335323E-5	9.945645105576482E-6
12-13	0.002381077853230515	1.717884154599574E-5	5.6509347190775465E-6	3.458372048075458E-5	1.1527906826918195E-5
14-15	0.002856660519188081	2.0117327599916064E-5	7.459233829182361E-6	4.136484214364764E-5	1.1753944215681297E-5
16-17	0.0033277224373703855	2.50901501527043E-5	9.71960771681338E-6	4.95021881391193E-5	1.3336205937023008E-5
18-19	0.0037920032338897964	2.9836935316729446E-5	1.084979466062889E-5	5.673538457953856E-5	1.4918467658364723E-5
20-21	0.004252667432188998	3.209730920436047E-5	1.1979981604444397E-5	6.487273057501024E-5	1.582261721341713E-5
22-23	0.00472576368687017	3.61659822020963E-5	1.4014318103312314E-5	7.21059270154295E-5	1.8987140656100556E-5
24-25	0.005172187529677297	3.887843086725352E-5	1.6726766768469538E-5	8.137345995471666E-5	2.056940237744227E-5
26-27	0.00556820503479025	4.204295430993694E-5	1.785695371228505E-5	8.657231989626801E-5	2.169958932125778E-5
28-29	0.0059355157915302915	4.633766469643587E-5	1.830902848981125E-5	9.470966589173967E-5	2.2603738876310186E-5
30-31	0.006283387332836706	4.99542629166455E-5	2.0343364988679167E-5	1.0081267538834342E-4	2.576826231899361E-5
32-33	0.006636231696695907	5.402293591438134E-5	2.2151664098783982E-5	1.0668964749618406E-4	2.6898449262809116E-5
34-35	0.007008741313377499	5.650934719077546E-5	2.3281851042599493E-5	1.1414888132536642E-4	2.915882315044014E-5
36-37	0.0073520921069086505	6.17082071323268E-5	2.4186000597651894E-5	1.2093000298825948E-4	3.0062972705492546E-5
38-39	0.007738842079082318	6.600291751882574E-5	2.46380753751781E-5	1.2929338637249427E-4	3.074108487178185E-5
40-41	0.00813689392069414	7.097574007161398E-5	2.554222493023051E-5	1.349443210915718E-4	3.164523442683426E-5
42-43	0.00855958383768114	7.43663009030605E-5	2.6220337096519812E-5	1.3969110625559693E-4	3.435768309199148E-5
44-45	0.00902522085853313	7.707874956821773E-5	2.712448665157222E-5	1.4353374186456966E-4	3.5261832647043884E-5
46-47	0.009532900833695058	7.866101128955944E-5	2.848071098415083E-5	1.5054090091622585E-4	3.7070131757148705E-5
48-49	0.010084432062277025	8.453798339740009E-5	2.9836935316729442E-5	1.5551372346901405E-4	3.910446825601662E-5
50-51	0.010701514133600293	8.770250684008352E-5	3.164523442683426E-5	1.604865460218023E-4	4.113880475488454E-5
52-53	0.011375105552114337	9.357947894792417E-5	3.277542137064977E-5	1.6681559290716917E-4	4.294710386498935E-5
54-55	0.012138433813967332	9.674400239060759E-5	3.3905608314465276E-5	1.729186024037729E-4	4.407729080880486E-5
56-57	0.012999862302543514	1.0149078755463273E-4	3.57139074245701E-5	1.7947368667790286E-4	4.4755402975094165E-5
58-59	0.013903785820207158	1.0488134838607926E-4	3.61659822020963E-5	1.839944344531649E-4	4.543351514138347E-5
60-61	0.014898576368153569	1.0646361010742096E-4	3.61659822020963E-5	1.8806310745090075E-4	4.724181425148829E-5
62-63	0.016028537274580316	1.1256661960402472E-4	3.68440943683856E-5	1.97556677778951E-4	4.814596380654069E-5
64-65	0.01728869571693461	1.1482699349165573E-4	3.7070131757148705E-5	2.0275553772050234E-4	4.97282255278824E-5
66-67	0.018692161863764704	1.1776547954557605E-4	3.774824392343801E-5	2.1021477154968473E-4	5.108444986046102E-5
68-69	0.02019576257381686	1.1934774126691778E-4	3.797428131220111E-5	2.188041923226826E-4	5.176256202675032E-5
70-71	0.021892399213872704	1.234164142646536E-4	3.842635608972731E-5	2.2920191220578528E-4	5.266671158180273E-5
72-73	0.023793825728147915	1.2816319942867874E-4	3.933050564477973E-5	2.3485284692486284E-4	5.379689852561824E-5
74-75	0.025997238193810633	1.3042357331630977E-4	4.046069258859523E-5	2.4186000597651897E-4	5.379689852561824E-5
76-77	0.028402276010250034	1.3381413414775627E-4	4.159087953241074E-5	2.468328285293072E-4	5.470104808067065E-5
78-79	0.031207173967411364	1.3788280714549213E-4	4.407729080880486E-5	2.5316187541467403E-4	5.537916024695995E-5
80-81	0.03441193206529462	1.4240355492075416E-4	4.565955253014657E-5	2.5949092230004094E-4	5.650934719077546E-5
82-83	0.0380698951276479	1.4850656441735792E-4	4.791992641777759E-5	2.694365674056174E-4	5.741349674582787E-5
84-85	0.042339063289216605	1.5438353652519855E-4	5.018030030540861E-5	2.7463542734716874E-4	5.8091608912117177E-5
86-87	0.047269616850306145	1.582261721341713E-4	5.108444986046102E-5	2.816425863988249E-4	5.899575846716958E-5
88-89	0.05296621112191384	1.6206880774314404E-4	5.1988599415513425E-5	2.8684144634037625E-4	6.14821697435637E-5
90	0.05784613230792045	1.6410314424201194E-4	5.1988599415513425E-5	2.911361567268752E-4	6.238631929861611E-5
>>END_MODULE
