##FastQC	0.11.9
>>Basic Statistics	pass
#Measure	Value
Filename	ES_430_1.fq.gz
File type	Conventional base calls
Encoding	Sanger / Illumina 1.9
Total Sequences	178096978
Sequences flagged as poor quality	0
Sequence length	101
%GC	39
>>END_MODULE
>>Per base sequence quality	pass
#Base	Mean	Median	Lower Quartile	Upper Quartile	10th Percentile	90th Percentile
1	32.31865818632812	33.0	31.0	34.0	30.0	34.0
2	32.61556423489679	34.0	31.0	34.0	31.0	34.0
3	32.65335309619908	34.0	31.0	34.0	31.0	34.0
4	36.17815127104515	37.0	37.0	37.0	35.0	37.0
5	31.22782041253951	37.0	35.0	37.0	2.0	37.0
6	33.07524837956543	37.0	35.0	37.0	17.0	37.0
7	35.22050361797829	37.0	35.0	37.0	32.0	37.0
8	35.73717878581859	37.0	35.0	37.0	33.0	37.0
9	37.72704260035226	39.0	37.0	39.0	35.0	39.0
10-11	37.7825241902757	39.0	38.0	39.0	35.0	39.0
12-13	37.78983854234742	39.0	38.0	39.0	35.0	39.0
14-15	39.20761946617645	41.0	39.0	41.0	36.0	41.0
16-17	39.21624391627802	41.0	39.0	41.0	36.0	41.0
18-19	39.193958263008824	41.0	39.0	41.0	36.0	41.0
20-21	39.17308353485931	41.0	39.0	41.0	36.0	41.0
22-23	39.08480879164609	40.0	39.0	41.0	35.5	41.0
24-25	38.99840936099432	40.0	39.0	41.0	35.0	41.0
26-27	38.7975658969351	40.0	38.0	41.0	34.5	41.0
28-29	38.646519358683335	40.0	38.0	41.0	34.0	41.0
30-31	38.62124648459785	40.0	38.0	41.0	34.0	41.0
32-33	38.51332470391497	40.0	38.0	41.0	34.0	41.0
34-35	38.38804410538622	40.0	38.0	41.0	34.0	41.0
36-37	38.24163503493024	40.0	38.0	41.0	33.5	41.0
38-39	38.112113861920776	40.0	38.0	41.0	33.0	41.0
40-41	37.94953501681539	40.0	37.5	41.0	33.0	41.0
42-43	37.78027495222294	40.0	37.0	41.0	33.0	41.0
44-45	37.841568120263105	40.0	37.0	41.0	33.0	41.0
46-47	37.79448412370029	40.0	37.0	41.0	33.0	41.0
48-49	37.60004967069121	40.0	37.0	41.0	32.5	41.0
50-51	37.36629494914844	40.0	36.5	41.0	31.5	41.0
52-53	37.317257601080684	40.0	36.0	41.0	32.0	41.0
54-55	37.249064374916	40.0	36.0	41.0	31.5	41.0
56-57	37.09188668546639	39.0	36.0	41.0	31.0	41.0
58-59	36.86821527651075	39.0	35.0	41.0	31.0	41.0
60-61	36.57477044332555	39.0	35.0	41.0	31.0	41.0
62-63	36.28937474166462	38.5	35.0	40.0	30.0	41.0
64-65	35.99927977722339	38.0	35.0	40.0	30.0	41.0
66-67	35.66484081498564	37.5	34.5	40.0	29.0	41.0
68-69	35.391167412172486	37.0	34.0	40.0	29.0	41.0
70-71	35.03502611650154	36.5	34.0	39.5	29.0	41.0
72-73	34.648147460424624	36.0	34.0	39.0	28.5	41.0
74-75	34.25155399043324	35.5	34.0	39.0	28.0	40.0
76-77	33.44917930331193	35.0	32.5	37.0	26.5	39.0
78-79	33.558364364834986	35.0	33.0	37.0	27.0	39.0
80-81	33.26806917801828	35.0	33.0	37.0	27.0	39.0
82-83	32.89392922208933	35.0	33.0	36.0	26.0	39.0
84-85	32.52381019345539	35.0	33.0	36.0	26.0	37.0
86-87	32.199004157162065	35.0	32.0	36.0	26.0	37.0
88-89	31.896390010615452	35.0	32.0	35.0	25.0	37.0
90-91	31.602120351531177	35.0	32.0	35.0	25.0	36.0
92-93	31.266324676210957	34.0	32.0	35.0	24.0	36.0
94-95	30.952217086468472	34.0	31.0	35.0	23.0	36.0
96-97	30.56012966149263	34.0	31.0	35.0	19.5	36.0
98-99	30.114429170718438	34.0	31.0	35.0	13.0	35.0
100-101	28.777726085279223	33.0	29.0	34.5	2.0	35.0
>>END_MODULE
>>Per tile sequence quality	fail
#Tile	Base	Mean
1101	1	0.10905466585736434
1101	2	0.12194394983313828
1101	3	0.1420214993987301
1101	4	0.04556969804865929
1101	5	5.0329786178918745
1101	6	3.159918050221549
1101	7	0.8847092420347238
1101	8	0.35623393896901234
1101	9	0.15850402176931766
1101	10-11	0.0699836476151603
1101	12-13	0.012280564301271113
1101	14-15	-0.03616363534518996
1101	16-17	-0.0263684633808694
1101	18-19	-0.0536224828513312
1101	20-21	-0.045708802693575024
1101	22-23	0.01959925406454488
1101	24-25	0.0011962904250069073
1101	26-27	0.09443864253191947
1101	28-29	0.033224025270179425
1101	30-31	0.04339180927603792
1101	32-33	0.059584366617237094
1101	34-35	0.06578017286177129
1101	36-37	0.052637786873646064
1101	38-39	0.004891273272754404
1101	40-41	-0.04614526211343417
1101	42-43	0.011767014089976158
1101	44-45	-0.019536244046378215
1101	46-47	-0.12810927531595695
1101	48-49	-0.09270647777650254
1101	50-51	-0.03232383489113033
1101	52-53	0.0036586057716974096
1101	54-55	0.10016439134099642
1101	56-57	0.1698865885758849
1101	58-59	0.16274217605135277
1101	60-61	0.19325068954674407
1101	62-63	0.09816167925306729
1101	64-65	0.19141727361708405
1101	66-67	0.16476271885873217
1101	68-69	0.13616865885465046
1101	70-71	0.26894976343610466
1101	72-73	0.2595862461063021
1101	74-75	0.27736906203193
1101	76-77	0.22733562134436625
1101	78-79	0.2856949122734349
1101	80-81	0.27357304139832905
1101	82-83	0.3232753535528161
1101	84-85	0.3226660768287246
1101	86-87	0.21691687319275843
1101	88-89	0.37143023086976257
1101	90-91	0.3462971067395415
1101	92-93	0.2909600994135424
1101	94-95	0.24637531664992451
1101	96-97	0.31571630228821235
1101	98-99	0.3359830126011687
1101	100-101	0.4740304189512088
1102	1	0.09027128045865851
1102	2	0.05681578672072618
1102	3	0.049105758017731205
1102	4	0.01990185815240153
1102	5	5.001850564876559
1102	6	3.13199556745127
1102	7	0.8718643429431125
1102	8	0.31360940274263527
1102	9	0.07807386922262083
1102	10-11	-0.012684839472207443
1102	12-13	-0.06572680349687232
1102	14-15	-0.008713527166463564
1102	16-17	-0.07183256488772116
1102	18-19	-0.037344111448653905
1102	20-21	3.0905800588243437E-4
1102	22-23	0.012735824066581358
1102	24-25	0.03683802693467442
1102	26-27	0.12777071353495018
1102	28-29	0.12458565393325927
1102	30-31	0.06015940701815481
1102	32-33	-0.015085478788215312
1102	34-35	-0.03870633655822786
1102	36-37	-0.011549199872220584
1102	38-39	0.016363591599152016
1102	40-41	0.04471355090692697
1102	42-43	0.0018846200586821737
1102	44-45	-0.07897169301970308
1102	46-47	-0.07673116573673155
1102	48-49	-0.09546600090051527
1102	50-51	-0.0037849002716185964
1102	52-53	-0.04042768635873273
1102	54-55	0.10963558932650841
1102	56-57	0.22290547402387517
1102	58-59	0.18824882321555947
1102	60-61	0.13542304746670908
1102	62-63	0.15329440216669354
1102	64-65	0.22813910500926937
1102	66-67	0.3319014040235899
1102	68-69	0.27077317624208064
1102	70-71	0.30079396272706305
1102	72-73	0.3288200320748871
1102	74-75	0.37489595847203816
1102	76-77	0.3182513422641975
1102	78-79	0.44136123092907553
1102	80-81	0.37686596065281464
1102	82-83	0.3767151443074397
1102	84-85	0.38563223388403856
1102	86-87	0.46060203505587793
1102	88-89	0.4409970564397696
1102	90-91	0.4767854591750478
1102	92-93	0.564442692200469
1102	94-95	0.5276260291816044
1102	96-97	0.5573589336715514
1102	98-99	0.670045996409069
1102	100-101	0.9252254276432126
1103	1	-3.3576461855489015E-4
1103	2	-0.021355472504453132
1103	3	0.006677078230765687
1103	4	-0.03376940633776826
1103	5	4.954439404136739
1103	6	3.0809255421987984
1103	7	0.8249563547142671
1103	8	0.289591304875529
1103	9	0.022827080665820176
1103	10-11	-0.061333120900712856
1103	12-13	-0.1054321782378338
1103	14-15	-0.10936666269113715
1103	16-17	-0.14868821224797557
1103	18-19	-0.15460490159426143
1103	20-21	-0.15099467851199933
1103	22-23	-0.09084438363892389
1103	24-25	-0.0943052339794761
1103	26-27	-0.07738018804830205
1103	28-29	0.04983490883862629
1103	30-31	-0.03219162958007615
1103	32-33	-0.06603203521601841
1103	34-35	-0.06197525935643
1103	36-37	-0.07948228676785618
1103	38-39	-0.06027961651196989
1103	40-41	-0.09492926774597521
1103	42-43	-0.06393357222227536
1103	44-45	-0.1678237607425288
1103	46-47	-0.19114288746516905
1103	48-49	-0.11690467996325538
1103	50-51	-0.07493168461645894
1103	52-53	-0.02631783100535756
1103	54-55	0.047821825416768604
1103	56-57	0.005785602850906457
1103	58-59	0.006507941676495932
1103	60-61	-0.01470179466210908
1103	62-63	-0.04040203912364859
1103	64-65	-0.3559199680298164
1103	66-67	-0.19841569215950727
1103	68-69	0.023962213361080842
1103	70-71	0.09518067727991308
1103	72-73	0.1655837006883587
1103	74-75	0.22223459701187664
1103	76-77	0.1424450322487516
1103	78-79	0.09469518491486895
1103	80-81	-0.18528875972511827
1103	82-83	-0.00787270188740763
1103	84-85	0.007596866038710459
1103	86-87	0.1263532166088055
1103	88-89	0.20326155628356446
1103	90-91	0.260580383486932
1103	92-93	0.23640306294146995
1103	94-95	0.3511114228192014
1103	96-97	0.5154979185183031
1103	98-99	0.5754636107765236
1103	100-101	0.7302843421067671
1104	1	-0.006794675798246885
1104	2	-0.03469220679541252
1104	3	0.00599111614796044
1104	4	-0.0708556362773578
1104	5	4.939626608664984
1104	6	3.0382185178007717
1104	7	0.7835062725115378
1104	8	0.27031673963939085
1104	9	-0.017526862182165814
1104	10-11	-0.13444158081476587
1104	12-13	-0.1322913746252965
1104	14-15	-0.09740742828014248
1104	16-17	-0.20312621683956422
1104	18-19	-0.14632164680109838
1104	20-21	-0.19583021147341384
1104	22-23	-0.17993737680421873
1104	24-25	-0.18238265264763953
1104	26-27	-0.052725600621919
1104	28-29	-0.03256842625749812
1104	30-31	-0.1319547722155292
1104	32-33	-0.22015942066928318
1104	34-35	-0.16230621690453262
1104	36-37	-0.15847953441773655
1104	38-39	-0.10613272361629811
1104	40-41	-0.11929920299155583
1104	42-43	-0.04599117500975325
1104	44-45	-0.15034612423395544
1104	46-47	-0.12998719230989053
1104	48-49	-0.12036867776753013
1104	50-51	-0.021712774922164613
1104	52-53	-0.10234232800699772
1104	54-55	0.02358291339206886
1104	56-57	0.09098464963173569
1104	58-59	-0.00888444730409077
1104	60-61	0.10295927796385484
1104	62-63	0.0831264933550031
1104	64-65	0.10804844789093693
1104	66-67	0.14397365822740227
1104	68-69	0.2160744285017202
1104	70-71	0.24270412663754826
1104	72-73	0.2286356183934828
1104	74-75	0.32002232970412336
1104	76-77	0.2367204783987944
1104	78-79	0.33334535632870654
1104	80-81	0.30613925693365474
1104	82-83	0.34236319040985563
1104	84-85	0.4276249911370371
1104	86-87	0.4708953542389196
1104	88-89	0.46337835917226755
1104	90-91	0.4598736631081124
1104	92-93	0.4558281430451636
1104	94-95	0.5145341943372799
1104	96-97	0.5571506466034606
1104	98-99	0.682793381850761
1104	100-101	0.8467728852642296
1105	1	-0.12713079070653066
1105	2	-0.17110445383916328
1105	3	-0.11802529371012582
1105	4	-0.13626429268322227
1105	5	4.832418008587862
1105	6	2.952918571030409
1105	7	0.7161994357481944
1105	8	0.14227410191617906
1105	9	-0.16249143173223501
1105	10-11	-0.20960755546132503
1105	12-13	-0.27110119224950324
1105	14-15	-0.26454772051820186
1105	16-17	-0.31403651948004807
1105	18-19	-0.3234518209223509
1105	20-21	-0.3053471752698229
1105	22-23	-0.31796997676664773
1105	24-25	-0.37894863745334817
1105	26-27	-0.2532677512852288
1105	28-29	-0.22111135324193043
1105	30-31	-0.2537944808550776
1105	32-33	-0.2803850293133294
1105	34-35	-0.28352863807866413
1105	36-37	-0.3146252132914782
1105	38-39	-0.25292695641437746
1105	40-41	-0.3007376747020203
1105	42-43	-0.27525946956397007
1105	44-45	-0.3214061076608914
1105	46-47	-0.3272062393289161
1105	48-49	-0.26589868174782794
1105	50-51	-0.19005095387178272
1105	52-53	-0.22112502210804053
1105	54-55	-0.15884592789758756
1105	56-57	-0.20558281730433947
1105	58-59	-0.1595290282375288
1105	60-61	-0.08517695833723593
1105	62-63	-0.1147226639800607
1105	64-65	-0.12017361069955967
1105	66-67	-0.09976135619851334
1105	68-69	-0.04714083191348806
1105	70-71	0.056026613866052344
1105	72-73	0.05865470032072295
1105	74-75	0.0911026616250794
1105	76-77	0.03681862232705413
1105	78-79	0.16709799799602365
1105	80-81	0.16962240776076953
1105	82-83	0.22329000199754034
1105	84-85	0.22810458551633417
1105	86-87	0.22048225961616197
1105	88-89	0.2231274657585942
1105	90-91	0.2955486945947925
1105	92-93	0.23912895253254618
1105	94-95	0.3194459343221503
1105	96-97	0.335849447422472
1105	98-99	0.39557230911825414
1105	100-101	0.5109487052257649
1106	1	-0.24133876216919248
1106	2	-0.24334614013555012
1106	3	-0.18964815871029117
1106	4	-0.209437751267032
1106	5	4.764355433892849
1106	6	2.877709966114381
1106	7	0.6342691208087743
1106	8	0.06668949123427126
1106	9	-0.2351966444908058
1106	10-11	-0.32555098196159804
1106	12-13	-0.34590869329271356
1106	14-15	-0.4429182161631431
1106	16-17	-0.4544338275835216
1106	18-19	-0.47337350725781135
1106	20-21	-0.4459988298258466
1106	22-23	-0.4656007358540961
1106	24-25	-0.42238690600368756
1106	26-27	-0.3069412959891977
1106	28-29	-0.3426962736257977
1106	30-31	-0.4166582108013088
1106	32-33	-0.4316149261323545
1106	34-35	-0.4153901874325925
1106	36-37	-0.47045631637231367
1106	38-39	-0.46800461885923283
1106	40-41	-0.5151384827698351
1106	42-43	-0.4781632765433059
1106	44-45	-0.6249405362496034
1106	46-47	-0.5429262234072638
1106	48-49	-0.46155782172310467
1106	50-51	-0.529256950998132
1106	52-53	-0.4455816063465079
1106	54-55	-0.3594868578072621
1106	56-57	-0.3850107746339333
1106	58-59	-0.40479311941201956
1106	60-61	-0.3406639596471379
1106	62-63	-0.34492104262255197
1106	64-65	-0.35410096455462536
1106	66-67	-0.34196511249491124
1106	68-69	-0.33545253191925184
1106	70-71	-0.27569403903498824
1106	72-73	-0.27816609706073336
1106	74-75	-0.2714658211573564
1106	76-77	-0.37383196820388775
1106	78-79	-0.1888936141373847
1106	80-81	-0.19206830351268422
1106	82-83	-0.14687365153586995
1106	84-85	-0.12852799290971006
1106	86-87	-0.08427661082053817
1106	88-89	-0.20917422368605543
1106	90-91	-0.25004420290537865
1106	92-93	-0.2992530798443376
1106	94-95	-0.25757857485657354
1106	96-97	-0.22244126441022516
1106	98-99	-0.20640950582428275
1106	100-101	-0.11848371844964589
1107	1	-0.29919828880291277
1107	2	-0.299230094281306
1107	3	-0.25175298919301525
1107	4	-0.20919525341846423
1107	5	4.727314348608946
1107	6	2.8271218103822733
1107	7	0.5578280247838805
1107	8	-0.01602274759815714
1107	9	-0.3621353135790031
1107	10-11	-0.4062836750378551
1107	12-13	-0.4167147399739548
1107	14-15	-0.5351101407014127
1107	16-17	-0.5843861599754092
1107	18-19	-0.5952539978752611
1107	20-21	-0.5350984877835003
1107	22-23	-0.5286376962105734
1107	24-25	-0.5625469267718941
1107	26-27	-0.5535815010207585
1107	28-29	-0.6352888287786911
1107	30-31	-0.6229401911884196
1107	32-33	-0.7098642312325367
1107	34-35	-0.7055260046632768
1107	36-37	-0.7346487677170188
1107	38-39	-0.7858804031891538
1107	40-41	-0.7063545082985812
1107	42-43	-0.7391249409043752
1107	44-45	-0.7953322738425257
1107	46-47	-0.887561063719069
1107	48-49	-0.7909521973090676
1107	50-51	-0.7490831108757732
1107	52-53	-0.7601960862175048
1107	54-55	-0.6647444708033703
1107	56-57	-0.8712463642462964
1107	58-59	-0.9303883635005405
1107	60-61	-0.8276045877864462
1107	62-63	-0.8862882861529968
1107	64-65	-0.9181103257815337
1107	66-67	-1.0294117572003714
1107	68-69	-1.035218094146849
1107	70-71	-1.118618463316615
1107	72-73	-1.1282709852420467
1107	74-75	-1.1547830977327251
1107	76-77	-1.289579324279643
1107	78-79	-1.1159507740846948
1107	80-81	-1.1006618237566599
1107	82-83	-1.0517808571420915
1107	84-85	-1.1100759579559067
1107	86-87	-0.9139343202348051
1107	88-89	-0.941494184188322
1107	90-91	-0.9966736447344253
1107	92-93	-1.185262865225308
1107	94-95	-1.2124137266078208
1107	96-97	-1.2569423509434259
1107	98-99	-1.1840262419350331
1107	100-101	-1.2478390770255352
1108	1	-0.4045927310136186
1108	2	-0.39272891640864316
1108	3	-0.3216834428586921
1108	4	-0.3157570394003244
1108	5	4.665787958307963
1108	6	2.6945931466461843
1108	7	0.49425160238379817
1108	8	-0.08365989523154127
1108	9	-0.3868594176126834
1108	10-11	-0.4945464898095224
1108	12-13	-0.5694195227154353
1108	14-15	-0.667378313212744
1108	16-17	-0.7153826711556235
1108	18-19	-0.7282613060830627
1108	20-21	-0.8771344122117597
1108	22-23	-0.8886231521205303
1108	24-25	-0.8533229220219383
1108	26-27	-0.7163037991118983
1108	28-29	-0.7348731755342612
1108	30-31	-0.7830116379513257
1108	32-33	-0.878572267095727
1108	34-35	-0.9437006780916661
1108	36-37	-0.9071328969245869
1108	38-39	-0.8881744382151524
1108	40-41	-0.9609003631375046
1108	42-43	-0.9724247537420538
1108	44-45	-0.9004113027266314
1108	46-47	-0.8445155052409987
1108	48-49	-0.9066790546394472
1108	50-51	-0.8688250055405149
1108	52-53	-0.9348500625992529
1108	54-55	-0.9159646403800608
1108	56-57	-0.9497215152343799
1108	58-59	-0.9809942195175267
1108	60-61	-1.0349031091560832
1108	62-63	-1.2587332120306627
1108	64-65	-1.1666987312456953
1108	66-67	-1.150462205322718
1108	68-69	-1.0522505808249178
1108	70-71	-0.875852614830805
1108	72-73	-0.8533390034867807
1108	74-75	-0.7848870904988274
1108	76-77	-0.8480145744109464
1108	78-79	-0.7603754733556656
1108	80-81	-0.7430179790754252
1108	82-83	-0.8056590991520238
1108	84-85	-0.843689020037754
1108	86-87	-0.8498513002176153
1108	88-89	-0.6919793834978876
1108	90-91	-0.6762964278680386
1108	92-93	-0.8248731224542318
1108	94-95	-0.7645069413855907
1108	96-97	-0.85282012828117
1108	98-99	-0.9534982204748239
1108	100-101	-1.1140132640798406
1201	1	0.332229598690148
1201	2	0.2845209177708341
1201	3	0.293163334849055
1201	4	0.1671067173796743
1201	5	5.179628932823423
1201	6	3.3050422763991776
1201	7	1.040741654377392
1201	8	0.4880630788921465
1201	9	0.2269169960264179
1201	10-11	0.19139037756875155
1201	12-13	0.20326408475999358
1201	14-15	0.2414172688360523
1201	16-17	0.29292077918383796
1201	18-19	0.2743364494312388
1201	20-21	0.26479924308032565
1201	22-23	0.2512231612500244
1201	24-25	0.29427013934583357
1201	26-27	0.2448240650124589
1201	28-29	0.36377796755736824
1201	30-31	0.27840974530982976
1201	32-33	0.2632953992083671
1201	34-35	0.18760039964805486
1201	36-37	0.16006685761471573
1201	38-39	0.22594272099227197
1201	40-41	0.2085849026585933
1201	42-43	0.15407555617000668
1201	44-45	0.10483250188618598
1201	46-47	0.1168604583682864
1201	48-49	0.15546313589791083
1201	50-51	0.13725766153106633
1201	52-53	0.10532741586516181
1201	54-55	0.22609192004279777
1201	56-57	0.26742956436773824
1201	58-59	0.22806919926040337
1201	60-61	0.22607456374222323
1201	62-63	0.23726111271480477
1201	64-65	0.2258725903749692
1201	66-67	0.2568737203702014
1201	68-69	0.2525554910058503
1201	70-71	0.2278915972009372
1201	72-73	0.19600480083596494
1201	74-75	0.23864591553231662
1201	76-77	0.20208609363034924
1201	78-79	0.1587066929289449
1201	80-81	0.14191830537311745
1201	82-83	0.09433325308688723
1201	84-85	0.03558852623147857
1201	86-87	-0.015760520418737656
1201	88-89	0.10376653134538572
1201	90-91	0.13395297193022415
1201	92-93	0.07476117874538701
1201	94-95	0.10311954011690361
1201	96-97	0.0734073891157685
1201	98-99	0.00276155635392783
1201	100-101	-0.04297042634747683
1202	1	0.3449794812578091
1202	2	0.2659382762032507
1202	3	0.25897784196724416
1202	4	0.13560378561383146
1202	5	5.164283305726865
1202	6	3.266851834498688
1202	7	1.040885055716295
1202	8	0.5123588078453025
1202	9	0.2900633518787572
1202	10-11	0.2238031297338523
1202	12-13	0.19884480162924945
1202	14-15	0.3204397431833499
1202	16-17	0.2353001943607964
1202	18-19	0.2663742844117607
1202	20-21	0.2944325849234417
1202	22-23	0.27301073695595335
1202	24-25	0.2903052809937847
1202	26-27	0.3434751222743486
1202	28-29	0.4140865685429844
1202	30-31	0.3747994874270617
1202	32-33	0.3007598261714435
1202	34-35	0.29530071393317314
1202	36-37	0.2635429380047327
1202	38-39	0.2403941652698265
1202	40-41	0.33261704164041106
1202	42-43	0.2785247369337256
1202	44-45	0.2717427196598976
1202	46-47	0.24738664722588055
1202	48-49	0.28053610307814836
1202	50-51	0.3296446614200761
1202	52-53	0.1781675210420346
1202	54-55	0.3524791083797538
1202	56-57	0.4587426172368865
1202	58-59	0.4644552925125822
1202	60-61	0.4295326688003698
1202	62-63	0.3513678541011842
1202	64-65	0.40063872903652253
1202	66-67	0.4661917448060464
1202	68-69	0.43448805938682256
1202	70-71	0.45515919330092913
1202	72-73	0.43739151474775184
1202	74-75	0.4550115560688184
1202	76-77	0.501516783630052
1202	78-79	0.5263272760321556
1202	80-81	0.4475822203606228
1202	82-83	0.4396778575316631
1202	84-85	0.40682308952749935
1202	86-87	0.4572834582573222
1202	88-89	0.4201722251087574
1202	90-91	0.4684702509252645
1202	92-93	0.4455689310932236
1202	94-95	0.42244874316042313
1202	96-97	0.5239717127257286
1202	98-99	0.5224193607158476
1202	100-101	0.4698902423971347
1203	1	0.23575186502435486
1203	2	0.16206154572839182
1203	3	0.16712271394109735
1203	4	0.08348943656713459
1203	5	5.096329910339218
1203	6	3.195625886658675
1203	7	0.9961729079217605
1203	8	0.44778884974726196
1203	9	0.23272602693889155
1203	10-11	0.15366050529682695
1203	12-13	0.125099742607496
1203	14-15	0.2237303508036419
1203	16-17	0.18276865197034198
1203	18-19	0.195322423834007
1203	20-21	0.15991164974456495
1203	22-23	0.19828374879420352
1203	24-25	0.18019928115998596
1203	26-27	0.27069882230166087
1203	28-29	0.3392982357510945
1203	30-31	0.2481405481796486
1203	32-33	0.24090029234530874
1203	34-35	0.21721876600643242
1203	36-37	0.23440117973861874
1203	38-39	0.2547184613134803
1203	40-41	0.21805779142020754
1203	42-43	0.21438147287137355
1203	44-45	0.07119559040851442
1203	46-47	-0.04424908902566216
1203	48-49	0.10210340262513284
1203	50-51	0.20829352658496703
1203	52-53	0.12178837414978005
1203	54-55	0.21404113517962742
1203	56-57	0.33904387718214934
1203	58-59	0.3230648422329949
1203	60-61	0.14179350003278302
1203	62-63	0.06986708216720672
1203	64-65	-0.05192365275812705
1203	66-67	-0.11574067744003713
1203	68-69	0.010029358383285114
1203	70-71	0.20335411208856868
1203	72-73	0.26445908999345136
1203	74-75	0.30199893800112676
1203	76-77	0.18577217699618132
1203	78-79	0.15670062418976727
1203	80-81	-0.032485285991022295
1203	82-83	-0.04879992020177326
1203	84-85	0.0421848163410985
1203	86-87	0.11754154568619413
1203	88-89	0.2330907924807235
1203	90-91	0.322190142495991
1203	92-93	0.35261021155804784
1203	94-95	0.3310122411965821
1203	96-97	0.3193378953365169
1203	98-99	0.33060559671370626
1203	100-101	0.2701693027980028
1204	1	0.32331007679213997
1204	2	0.25469476862185303
1204	3	0.22918224461965053
1204	4	0.10164579047332012
1204	5	5.120871057567083
1204	6	3.264185564713138
1204	7	1.0366006617722903
1204	8	0.4953868010031002
1204	9	0.24675952754227382
1204	10-11	0.19675664425539452
1204	12-13	0.1300849176024812
1204	14-15	0.20995492050641218
1204	16-17	0.21695261107873876
1204	18-19	0.20076339160096524
1204	20-21	0.242549234057023
1204	22-23	0.24193700922438666
1204	24-25	0.24434861450463785
1204	26-27	0.27285030939432176
1204	28-29	0.364940519793457
1204	30-31	0.29632363064028056
1204	32-33	0.29522403659814955
1204	34-35	0.271327619714846
1204	36-37	0.2658864174399227
1204	38-39	0.3083848856098754
1204	40-41	0.290737267229666
1204	42-43	0.2986771794140921
1204	44-45	0.25321759010646616
1204	46-47	0.3083775120191845
1204	48-49	0.2645558545279414
1204	50-51	0.30689845185441555
1204	52-53	0.2640569947436262
1204	54-55	0.3488763355336175
1204	56-57	0.39984225716478505
1204	58-59	0.3678913614358237
1204	60-61	0.39608165382956173
1204	62-63	0.391901134653196
1204	64-65	0.37869910273088436
1204	66-67	0.46552183843954964
1204	68-69	0.4573942629963952
1204	70-71	0.43085408613592335
1204	72-73	0.45106707344564967
1204	74-75	0.4504768894659108
1204	76-77	0.3831484178071207
1204	78-79	0.444110029631382
1204	80-81	0.4051973344615547
1204	82-83	0.42808628985829245
1204	84-85	0.4198376529128467
1204	86-87	0.47999645906310207
1204	88-89	0.45701683808012206
1204	90-91	0.4539586965714335
1204	92-93	0.4174884677962929
1204	94-95	0.4048318636016788
1204	96-97	0.4157647860497242
1204	98-99	0.42485812981628257
1204	100-101	0.3981351739700827
1205	1	0.08458184128525659
1205	2	0.09154506784901173
1205	3	0.11698683635528795
1205	4	0.0226965462953288
1205	5	4.979270045768491
1205	6	3.0970067832780614
1205	7	0.8767189510374465
1205	8	0.32779786198884153
1205	9	0.06678487886528472
1205	10-11	0.015267374411209289
1205	12-13	0.004607274893729141
1205	14-15	0.030657631817796016
1205	16-17	-0.026536860558444175
1205	18-19	-0.019784494073171288
1205	20-21	0.022136822546222845
1205	22-23	-0.03258853635524872
1205	24-25	-0.05220708320733536
1205	26-27	0.07433870527092523
1205	28-29	0.13411877471144606
1205	30-31	0.020041791969980238
1205	32-33	0.028058756993566192
1205	34-35	0.010632834737002383
1205	36-37	-0.005794951928848491
1205	38-39	-0.04098781203551738
1205	40-41	-0.0770951974221461
1205	42-43	-0.08484378239894141
1205	44-45	-0.009350776688158646
1205	46-47	-0.038324672635120294
1205	48-49	0.0024417465238428804
1205	50-51	0.08294376737499931
1205	52-53	-0.022293527957572223
1205	54-55	0.02955714304843582
1205	56-57	0.06590182418175772
1205	58-59	0.0699960027118749
1205	60-61	0.018893236396074542
1205	62-63	0.07555897702245318
1205	64-65	0.0072472230122642145
1205	66-67	0.0481177339559693
1205	68-69	0.0684656015179641
1205	70-71	0.09973181670793707
1205	72-73	0.10903999683505106
1205	74-75	0.06918802837329707
1205	76-77	0.033705422251820494
1205	78-79	0.1282024271427673
1205	80-81	0.11687156739879612
1205	82-83	0.11269555043176638
1205	84-85	0.13720010134547067
1205	86-87	0.11508686317639416
1205	88-89	0.15315411687620895
1205	90-91	0.14435290239682885
1205	92-93	0.09786263425877806
1205	94-95	0.013246633988160283
1205	96-97	0.040363309573525186
1205	98-99	-0.01471587332430957
1205	100-101	-0.22196769458197352
1206	1	0.02026070473388586
1206	2	-0.010281747020734144
1206	3	-0.037786717931204805
1206	4	-0.05608107686740027
1206	5	4.971730083038107
1206	6	3.0784820938646433
1206	7	0.8279469171988367
1206	8	0.22351726977686326
1206	9	-0.05569620520914498
1206	10-11	-0.06752160956775555
1206	12-13	-0.16731687304914544
1206	14-15	-0.13745801602082963
1206	16-17	-0.1435392257969923
1206	18-19	-0.16201181522839647
1206	20-21	-0.1700802060854798
1206	22-23	-0.21256663601819525
1206	24-25	-0.21225213605666937
1206	26-27	-0.14321927590878403
1206	28-29	-0.04578531486485815
1206	30-31	-0.20192260789151106
1206	32-33	-0.1798286537843623
1206	34-35	-0.1618465399100515
1206	36-37	-0.13275707629674827
1206	38-39	-0.2008614025647617
1206	40-41	-0.21275516327819588
1206	42-43	-0.23119538996241573
1206	44-45	-0.241575067011496
1206	46-47	-0.21886587179256622
1206	48-49	-0.20323907637464345
1206	50-51	-0.2599254982261954
1206	52-53	-0.38803368562196283
1206	54-55	-0.30807378426953136
1206	56-57	-0.22355745063151744
1206	58-59	-0.21452320696559468
1206	60-61	-0.14510565927692198
1206	62-63	-0.16784201729957715
1206	64-65	-0.18661480227903127
1206	66-67	-0.14285767543427852
1206	68-69	-0.14674131187063466
1206	70-71	-0.16979600212297896
1206	72-73	-0.18283848795899615
1206	74-75	-0.19168238766389578
1206	76-77	-0.2823433039037866
1206	78-79	-0.1691522168619315
1206	80-81	-0.14298613829119944
1206	82-83	-0.12881700354498093
1206	84-85	-0.22808861891985543
1206	86-87	-0.2572859075208207
1206	88-89	-0.2895129996517447
1206	90-91	-0.2870722199163751
1206	92-93	-0.3398476322962871
1206	94-95	-0.45840896874182135
1206	96-97	-0.5173133904812879
1206	98-99	-0.6504152907915994
1206	100-101	-0.9962075865439459
1207	1	-0.04821936660248127
1207	2	-0.06189061564842291
1207	3	-0.04736316649805161
1207	4	-0.0966682676293047
1207	5	4.884161876708834
1207	6	2.9557468957541175
1207	7	0.6904310225874752
1207	8	0.21104176391765606
1207	9	-0.09209118710808895
1207	10-11	-0.15816647108171367
1207	12-13	-0.1666917414665079
1207	14-15	-0.15726376672546394
1207	16-17	-0.2581121933969044
1207	18-19	-0.2381542535849306
1207	20-21	-0.2607198064927658
1207	22-23	-0.20898291844596883
1207	24-25	-0.2474889651162968
1207	26-27	-0.2849135764967414
1207	28-29	-0.24011777091680386
1207	30-31	-0.34621590619379816
1207	32-33	-0.43999883259581196
1207	34-35	-0.5055118646827736
1207	36-37	-0.4920418483773972
1207	38-39	-0.5047766512399292
1207	40-41	-0.418101155411442
1207	42-43	-0.4389801690405548
1207	44-45	-0.4927094924421098
1207	46-47	-0.5672051701449661
1207	48-49	-0.6140170468361177
1207	50-51	-0.43101839112200935
1207	52-53	-0.6149497101530201
1207	54-55	-0.48820100108410003
1207	56-57	-0.5759626580765413
1207	58-59	-0.6701095900977805
1207	60-61	-0.6384193348629239
1207	62-63	-0.703809149609917
1207	64-65	-0.799702774926196
1207	66-67	-0.9247438605331126
1207	68-69	-1.0041847800492079
1207	70-71	-1.0625297269995997
1207	72-73	-1.1506299607254178
1207	74-75	-1.1717438497107295
1207	76-77	-1.3648521779689062
1207	78-79	-1.3081129668357008
1207	80-81	-1.2380187718351081
1207	82-83	-1.2485802938101749
1207	84-85	-1.2887919197545301
1207	86-87	-1.3131623689362684
1207	88-89	-1.2810111898272751
1207	90-91	-1.2174132337020929
1207	92-93	-1.2866218169524295
1207	94-95	-1.5395390152323216
1207	96-97	-1.572341467250812
1207	98-99	-1.6827678500163152
1207	100-101	-2.1403210320527535
1208	1	-0.24190519551928702
1208	2	-0.22888744000378125
1208	3	-0.17566414565816046
1208	4	-0.22051677736678954
1208	5	4.748686378212486
1208	6	2.8305153526801874
1208	7	0.6351523050597123
1208	8	0.12099595199074997
1208	9	-0.20874705856547848
1208	10-11	-0.25918413349744895
1208	12-13	-0.3088355432888932
1208	14-15	-0.4086099056303354
1208	16-17	-0.4137930532855236
1208	18-19	-0.42728487164078643
1208	20-21	-0.5736210288133705
1208	22-23	-0.6795048949999369
1208	24-25	-0.7005369225198947
1208	26-27	-0.8814888152027649
1208	28-29	-0.8066685213353324
1208	30-31	-0.8135926589867566
1208	32-33	-0.8369648698961569
1208	34-35	-0.8827561078663919
1208	36-37	-0.9127612035112662
1208	38-39	-0.9454234101006662
1208	40-41	-1.0100899020263512
1208	42-43	-1.0493723428256416
1208	44-45	-1.0335600299172185
1208	46-47	-0.9980832177969816
1208	48-49	-1.028058383468668
1208	50-51	-0.9488750833746309
1208	52-53	-1.1720771725548076
1208	54-55	-1.1675317672846504
1208	56-57	-1.127867844000086
1208	58-59	-1.1516915827828598
1208	60-61	-1.2675666246808177
1208	62-63	-1.3601836304435153
1208	64-65	-1.3159608439142474
1208	66-67	-1.3090799774074355
1208	68-69	-1.2772931463477022
1208	70-71	-1.3040890649320218
1208	72-73	-1.3147328629979
1208	74-75	-1.323566081768334
1208	76-77	-1.4006722770332942
1208	78-79	-1.2785399088866711
1208	80-81	-1.2931583154599693
1208	82-83	-1.3180172698277488
1208	84-85	-1.3949864425036012
1208	86-87	-1.4192201135499118
1208	88-89	-1.5152575050423813
1208	90-91	-1.572471074859326
1208	92-93	-1.6308290735100144
1208	94-95	-1.7665512410670914
1208	96-97	-1.8694643738675651
1208	98-99	-2.1874650160835003
1208	100-101	-2.701744615721214
1301	1	0.46514178929743366
1301	2	0.3941241203483443
1301	3	0.39170773900772105
1301	4	0.2460329991600574
1301	5	5.234123949534517
1301	6	3.3617091887720676
1301	7	1.1448423358498516
1301	8	0.5992828415163771
1301	9	0.4264460580305425
1301	10-11	0.32189385400061354
1301	12-13	0.25458276844624805
1301	14-15	0.38552481370071945
1301	16-17	0.3502365591298684
1301	18-19	0.37285412399385365
1301	20-21	0.3815519880487628
1301	22-23	0.42693918230231276
1301	24-25	0.38937056757694677
1301	26-27	0.4076406173078553
1301	28-29	0.5140678191199513
1301	30-31	0.4694776657762745
1301	32-33	0.5368617762309711
1301	34-35	0.5068370793927599
1301	36-37	0.48425685804505747
1301	38-39	0.46699071962311933
1301	40-41	0.43855505865241895
1301	42-43	0.39026931012881505
1301	44-45	0.4042504665591977
1301	46-47	0.44831314929288624
1301	48-49	0.36095023783796876
1301	50-51	0.48763147009115926
1301	52-53	0.5701712853150838
1301	54-55	0.6237148549174947
1301	56-57	0.6697194701771068
1301	58-59	0.5910947824817043
1301	60-61	0.6061075875548809
1301	62-63	0.602429573727548
1301	64-65	0.6574649970561168
1301	66-67	0.6935760524386936
1301	68-69	0.6839145150976051
1301	70-71	0.7046698145105879
1301	72-73	0.733718460965072
1301	74-75	0.7918011859508525
1301	76-77	0.7359236083945646
1301	78-79	0.8129041190221074
1301	80-81	0.7591514190811282
1301	82-83	0.6767099076401166
1301	84-85	0.7011475501322977
1301	86-87	0.6908942757872509
1301	88-89	0.7228900303919232
1301	90-91	0.7392696068786364
1301	92-93	0.8275710519275101
1301	94-95	0.9410429671534004
1301	96-97	1.0550941633866735
1301	98-99	1.0734052624934627
1301	100-101	1.2996366369520693
1302	1	0.42191259571423245
1302	2	0.34253529649242154
1302	3	0.34636643214840745
1302	4	0.19538685703444258
1302	5	5.22023558909223
1302	6	3.295590746935055
1302	7	1.1020398285240844
1302	8	0.5705317706147284
1302	9	0.3837261106688885
1302	10-11	0.2962012770850748
1302	12-13	0.2374719985873952
1302	14-15	0.36556294049562155
1302	16-17	0.3169758347552545
1302	18-19	0.28305928399875313
1302	20-21	0.3495511426729152
1302	22-23	0.35759270181620906
1302	24-25	0.3423185181806758
1302	26-27	0.449470558045725
1302	28-29	0.5030875400459252
1302	30-31	0.4290322872287149
1302	32-33	0.41371925500842366
1302	34-35	0.41898201273944125
1302	36-37	0.4222740312495361
1302	38-39	0.4376393731503967
1302	40-41	0.4859453142942485
1302	42-43	0.5116155335199224
1302	44-45	0.5192197348713137
1302	46-47	0.4572844444068238
1302	48-49	0.4890528839938355
1302	50-51	0.5368781459976333
1302	52-53	0.5225923532027252
1302	54-55	0.5756310748123425
1302	56-57	0.6202255813838278
1302	58-59	0.5757850447884891
1302	60-61	0.6547509529577269
1302	62-63	0.6670745935823987
1302	64-65	0.7242183696324886
1302	66-67	0.7303848016346777
1302	68-69	0.7365450841083003
1302	70-71	0.7200531689294962
1302	72-73	0.7235475794315036
1302	74-75	0.7629779492681834
1302	76-77	0.848459302891591
1302	78-79	0.821691007588683
1302	80-81	0.8744136315693822
1302	82-83	0.8413405393694973
1302	84-85	0.8372959882083819
1302	86-87	0.8088102133274475
1302	88-89	0.793774799867883
1302	90-91	0.9139943113290769
1302	92-93	0.9673978251106838
1302	94-95	1.0053122335129459
1302	96-97	1.0943891380822315
1302	98-99	1.1366543214458709
1302	100-101	1.2777560401677093
1303	1	0.34000045308158633
1303	2	0.2855576528240533
1303	3	0.3028611533589327
1303	4	0.15849167445830403
1303	5	5.189870784416893
1303	6	3.284527223557582
1303	7	1.0369333004450922
1303	8	0.5304023232757373
1303	9	0.316286105838941
1303	10-11	0.245097968860172
1303	12-13	0.2168281798675622
1303	14-15	0.31654657107166173
1303	16-17	0.28851374821525155
1303	18-19	0.26058354153579444
1303	20-21	0.2918511251922382
1303	22-23	0.2154082689066641
1303	24-25	0.2506623923836173
1303	26-27	0.38132770459174026
1303	28-29	0.4221679751473957
1303	30-31	0.3021016763099382
1303	32-33	0.3111685789529943
1303	34-35	0.36621272830796414
1303	36-37	0.3949983924088514
1303	38-39	0.3973821480835298
1303	40-41	0.39672723139823773
1303	42-43	0.4102815238354012
1303	44-45	0.4004814717382317
1303	46-47	0.4623462755754133
1303	48-49	0.4578848874728152
1303	50-51	0.48051268478880615
1303	52-53	0.4557480173279913
1303	54-55	0.4632894860035819
1303	56-57	0.4779073127311122
1303	58-59	0.4097200719779792
1303	60-61	0.5122747250903714
1303	62-63	0.42869847925813076
1303	64-65	0.46206183703981907
1303	66-67	0.32900750465406503
1303	68-69	0.521085879219747
1303	70-71	0.6470262570386609
1303	72-73	0.6861253441765243
1303	74-75	0.6097338439732951
1303	76-77	0.5764668164088746
1303	78-79	0.602539520312277
1303	80-81	0.638481428832101
1303	82-83	0.43470201296377553
1303	84-85	0.4910390931109845
1303	86-87	0.5234040472040817
1303	88-89	0.671602722385856
1303	90-91	0.7764013393875615
1303	92-93	0.8377154565940153
1303	94-95	0.8994884093039914
1303	96-97	0.9918365502311026
1303	98-99	1.0168148509882933
1303	100-101	1.1284350519750816
1304	1	0.3480964536311433
1304	2	0.2790364288023923
1304	3	0.2890467300318704
1304	4	0.1377929825005424
1304	5	5.150353287144487
1304	6	3.280400634351537
1304	7	1.0343350487346257
1304	8	0.5283260352461667
1304	9	0.31514796771531195
1304	10-11	0.21503828128435032
1304	12-13	0.17160762079389968
1304	14-15	0.27188248645105517
1304	16-17	0.2281068112518696
1304	18-19	0.23400109176103712
1304	20-21	0.26657294868616077
1304	22-23	0.24847016116463294
1304	24-25	0.22863628671333203
1304	26-27	0.3312630274807091
1304	28-29	0.37561749654454957
1304	30-31	0.31955420327354744
1304	32-33	0.3810677288703914
1304	34-35	0.3640768420880036
1304	36-37	0.3467004141452108
1304	38-39	0.3705992580470081
1304	40-41	0.36992410934576014
1304	42-43	0.41187897167569787
1304	44-45	0.3485059356809117
1304	46-47	0.44143499623908156
1304	48-49	0.3939502435172386
1304	50-51	0.46656348524806646
1304	52-53	0.42860412342238874
1304	54-55	0.49046123261587127
1304	56-57	0.4994932868219166
1304	58-59	0.4747701890756275
1304	60-61	0.5251514904879357
1304	62-63	0.49030261794602836
1304	64-65	0.5309795464119134
1304	66-67	0.5988439482913677
1304	68-69	0.6136966166687046
1304	70-71	0.6344766406335225
1304	72-73	0.6627678441098865
1304	74-75	0.6766955937625454
1304	76-77	0.6237272834638077
1304	78-79	0.6543518566617905
1304	80-81	0.6824288464083779
1304	82-83	0.694205449701002
1304	84-85	0.747907098725733
1304	86-87	0.7501414314048347
1304	88-89	0.783235860716708
1304	90-91	0.8080090018899213
1304	92-93	0.8464568664567445
1304	94-95	0.9006033615719815
1304	96-97	0.9555189770902182
1304	98-99	1.0466719993877476
1304	100-101	1.180544252723763
1305	1	0.18266366097481068
1305	2	0.14162485540033742
1305	3	0.18571734839628107
1305	4	0.0745273612028825
1305	5	5.034728612017137
1305	6	3.151263481930208
1305	7	0.92221157227155
1305	8	0.3816080984503927
1305	9	0.12298080104044118
1305	10-11	0.07301402477376939
1305	12-13	0.05892884206869553
1305	14-15	0.105837347436605
1305	16-17	0.046802494117820004
1305	18-19	0.04573557261486627
1305	20-21	0.0597283457440696
1305	22-23	0.09624838452466378
1305	24-25	0.07986380547666982
1305	26-27	0.1300892406628762
1305	28-29	0.15632235365283265
1305	30-31	0.10754977379573205
1305	32-33	0.16276219439563988
1305	34-35	0.14857866883559012
1305	36-37	0.10933093578620401
1305	38-39	0.13319506277820636
1305	40-41	0.11795390052248678
1305	42-43	0.16376045903643188
1305	44-45	0.14347628960837966
1305	46-47	0.18570638173884646
1305	48-49	0.18830126479390685
1305	50-51	0.25387954079448605
1305	52-53	0.2033022258821191
1305	54-55	0.18614696957443755
1305	56-57	0.20773732238151155
1305	58-59	0.20061809319290091
1305	60-61	0.2610029042799624
1305	62-63	0.29152372807355675
1305	64-65	0.3251432539533212
1305	66-67	0.3120804045285226
1305	68-69	0.3510881847429701
1305	70-71	0.396086076255294
1305	72-73	0.3830938560752273
1305	74-75	0.36906204587328517
1305	76-77	0.3366543627095737
1305	78-79	0.43855183612664206
1305	80-81	0.4684891733098837
1305	82-83	0.4900670155077407
1305	84-85	0.4859028307111686
1305	86-87	0.4852676790418897
1305	88-89	0.5152114857409629
1305	90-91	0.5526775411931908
1305	92-93	0.5658417295629405
1305	94-95	0.5963193855129703
1305	96-97	0.6464017341098263
1305	98-99	0.6331378568776174
1305	100-101	0.7081260352156669
1306	1	0.05845851816408043
1306	2	0.05542303597611209
1306	3	0.09107851306980308
1306	4	-9.746758444038051E-4
1306	5	4.999728013929573
1306	6	3.0776917759213376
1306	7	0.8435004614698869
1306	8	0.3570319348627393
1306	9	0.02202867156965027
1306	10-11	-0.05483990476551526
1306	12-13	-0.08123291856858117
1306	14-15	-0.06314673227765866
1306	16-17	-0.12014941031370086
1306	18-19	-0.11985883940854336
1306	20-21	-0.07477918750728207
1306	22-23	-0.09015743860732783
1306	24-25	-0.0509800497674604
1306	26-27	-0.008842682279031067
1306	28-29	0.01252496821290805
1306	30-31	-0.07047091919295667
1306	32-33	-0.08260032977996445
1306	34-35	-0.0640444248302785
1306	36-37	-0.03286465303186503
1306	38-39	-0.03688011690937998
1306	40-41	-0.05061682049683469
1306	42-43	-0.0010335110837544903
1306	44-45	-0.05425394820739626
1306	46-47	-0.04010630794588366
1306	48-49	-0.02822954858778104
1306	50-51	-0.13566431019198433
1306	52-53	-0.1050912889441804
1306	54-55	-0.03249484425575844
1306	56-57	0.021862485151366684
1306	58-59	-8.714894973849141E-4
1306	60-61	0.03419991548361878
1306	62-63	-0.0016064812955107755
1306	64-65	0.0802650907736151
1306	66-67	0.043882075739283266
1306	68-69	0.08908885789001175
1306	70-71	0.1370492169940576
1306	72-73	0.13317466992601368
1306	74-75	0.09700330517579658
1306	76-77	0.004612891669303565
1306	78-79	0.12987232133797733
1306	80-81	0.10536810397789509
1306	82-83	0.13873490432094115
1306	84-85	0.10733072714342029
1306	86-87	0.09107036615694852
1306	88-89	0.10551489799992453
1306	90-91	0.15837441536355001
1306	92-93	0.09643965300855584
1306	94-95	0.043100895834712105
1306	96-97	0.06999419578883348
1306	98-99	0.02433880932445831
1306	100-101	0.012722687694694201
1307	1	0.03776003810049389
1307	2	-0.005859945711385706
1307	3	0.028035229403762685
1307	4	-0.041622073185642705
1307	5	4.964589113450504
1307	6	3.0787273359943086
1307	7	0.8394532641680073
1307	8	0.30468270764562533
1307	9	-0.04493390816424636
1307	10-11	-0.04790599240693183
1307	12-13	-0.080452597969213
1307	14-15	-0.04979332280089466
1307	16-17	-0.1652139356228659
1307	18-19	-0.15371512814771648
1307	20-21	-0.11911034306788792
1307	22-23	-0.13989682638915468
1307	24-25	-0.1940269373341792
1307	26-27	-0.13887192369723067
1307	28-29	-0.16074703577967853
1307	30-31	-0.25745098185522153
1307	32-33	-0.2697048616522082
1307	34-35	-0.34020243673776207
1307	36-37	-0.353740297269141
1307	38-39	-0.4303784764344769
1307	40-41	-0.273535532461473
1307	42-43	-0.2370412957699486
1307	44-45	-0.3194812287671809
1307	46-47	-0.31069122227035706
1307	48-49	-0.3510277506060646
1307	50-51	-0.15644097565778736
1307	52-53	-0.24360765812018315
1307	54-55	-0.2302296625259359
1307	56-57	-0.31678745397680785
1307	58-59	-0.4266168539782882
1307	60-61	-0.38435338227662896
1307	62-63	-0.42658022703160725
1307	64-65	-0.5020206718946483
1307	66-67	-0.6898983837258541
1307	68-69	-0.7835738463246216
1307	70-71	-0.8332839212230354
1307	72-73	-0.8633128011144393
1307	74-75	-0.9109437216749185
1307	76-77	-1.0239168827994618
1307	78-79	-0.9450837154775229
1307	80-81	-0.8743792918972346
1307	82-83	-0.8234447885273681
1307	84-85	-0.7967706372755003
1307	86-87	-0.8187218036604236
1307	88-89	-0.877307505046943
1307	90-91	-0.8085600955084153
1307	92-93	-0.8212086512683463
1307	94-95	-0.7842027740160518
1307	96-97	-0.8914646804385988
1307	98-99	-0.9276615439154874
1307	100-101	-1.0500938230267636
1308	1	-0.06644168214667445
1308	2	-0.047701853100655
1308	3	-0.06135207143849897
1308	4	-0.11412497470924876
1308	5	4.891159951613371
1308	6	3.006700210470413
1308	7	0.7855997770402539
1308	8	0.2616428647363236
1308	9	-0.010276590341419478
1308	10-11	-0.11141696933680123
1308	12-13	-0.15051404137400226
1308	14-15	-0.1610374806958461
1308	16-17	-0.29698580540514996
1308	18-19	-0.3259726906622049
1308	20-21	-0.26742523184548617
1308	22-23	-0.31919086669303454
1308	24-25	-0.33027819785364443
1308	26-27	-0.1921364615721899
1308	28-29	-0.25298650701277126
1308	30-31	-0.3253437574533251
1308	32-33	-0.3227631440361094
1308	34-35	-0.3399150183864137
1308	36-37	-0.3644238956115373
1308	38-39	-0.3892747475797975
1308	40-41	-0.37710868621227434
1308	42-43	-0.3813760697740278
1308	44-45	-0.3955119316378841
1308	46-47	-0.2955982808102675
1308	48-49	-0.30605014537255215
1308	50-51	-0.3438836119358655
1308	52-53	-0.5072236987365173
1308	54-55	-0.5731542716854463
1308	56-57	-0.4500385325555101
1308	58-59	-0.3313735400438418
1308	60-61	-0.4469878506061704
1308	62-63	-0.5050810743372409
1308	64-65	-0.4095881819494096
1308	66-67	-0.43100534849028804
1308	68-69	-0.3704311000152174
1308	70-71	-0.3211891880263522
1308	72-73	-0.33390102641912023
1308	74-75	-0.3943057081048522
1308	76-77	-0.43435833365164456
1308	78-79	-0.3015923251109385
1308	80-81	-0.25952547684751437
1308	82-83	-0.3122481715433949
1308	84-85	-0.33464938327905713
1308	86-87	-0.35251109663313684
1308	88-89	-0.36757948545441366
1308	90-91	-0.3064181396654462
1308	92-93	-0.39962705797865183
1308	94-95	-0.4042656913367395
1308	96-97	-0.45450036386294457
1308	98-99	-0.6016549653294554
1308	100-101	-0.780651631814365
2101	1	0.2874871060015707
2101	2	0.2075439239297623
2101	3	0.2767040994587546
2101	4	0.1372341207579879
2101	5	5.173386358763754
2101	6	3.251548617797546
2101	7	1.0276849309892953
2101	8	0.498863636245936
2101	9	0.2239098088725484
2101	10-11	0.19658747817688038
2101	12-13	0.15743194314924125
2101	14-15	0.2515812999879401
2101	16-17	0.20331977697646408
2101	18-19	0.23617509323093344
2101	20-21	0.19153923366835812
2101	22-23	0.25520026493845194
2101	24-25	0.3104297435246508
2101	26-27	0.356113674093514
2101	28-29	0.4393999122166363
2101	30-31	0.30782077142566067
2101	32-33	0.3072800129146529
2101	34-35	0.35836625328260396
2101	36-37	0.28990770920374587
2101	38-39	0.3228266470188075
2101	40-41	0.31663080682333344
2101	42-43	0.3980916289527556
2101	44-45	0.3975540838665168
2101	46-47	0.27889476622013376
2101	48-49	0.32271475725700327
2101	50-51	0.3507431438685771
2101	52-53	0.46286008105951026
2101	54-55	0.3322411197239248
2101	56-57	0.20673730243625954
2101	58-59	0.2955988061657493
2101	60-61	0.30831279679404133
2101	62-63	0.4512023008950692
2101	64-65	0.51464503926384
2101	66-67	0.5184887139944152
2101	68-69	0.47793472349879806
2101	70-71	0.32870966552481207
2101	72-73	0.47186367716416555
2101	74-75	0.518515277194787
2101	76-77	0.6105772118327693
2101	78-79	0.47541662735376633
2101	80-81	0.4897533730769581
2101	82-83	0.5360424443986602
2101	84-85	0.4175843392250016
2101	86-87	0.4105805610540614
2101	88-89	0.38594464664106454
2101	90-91	0.3649690630173552
2101	92-93	0.3885263285741587
2101	94-95	0.5015598227875557
2101	96-97	0.5563513435290339
2101	98-99	0.6105331334243118
2101	100-101	0.8848562052011673
2102	1	0.3234591855691349
2102	2	0.24815761806540593
2102	3	0.26951753919206567
2102	4	0.14995046647014476
2102	5	5.144566375187754
2102	6	3.2525024813491044
2102	7	1.0300088991005865
2102	8	0.46204524376032907
2102	9	0.22065176452771595
2102	10-11	0.20070520443510986
2102	12-13	0.14028968552325694
2102	14-15	0.2384978332019898
2102	16-17	0.18144664895314833
2102	18-19	0.20749474967552572
2102	20-21	0.24298462596207315
2102	22-23	0.2749722715901015
2102	24-25	0.2747367562636782
2102	26-27	0.4001316436911182
2102	28-29	0.3899438018188519
2102	30-31	0.31156359012907586
2102	32-33	0.32493005098670125
2102	34-35	0.3544149654412152
2102	36-37	0.3506389156190153
2102	38-39	0.3877467295931396
2102	40-41	0.3927161539256545
2102	42-43	0.3782998068297374
2102	44-45	0.3799085965440767
2102	46-47	0.36393104935905995
2102	48-49	0.34762681089885916
2102	50-51	0.38554797946444097
2102	52-53	0.4763001347130782
2102	54-55	0.389128268599471
2102	56-57	0.37287202425788024
2102	58-59	0.4496504534452228
2102	60-61	0.45179083310453905
2102	62-63	0.4571047178775913
2102	64-65	0.5431174266381831
2102	66-67	0.6066753486312351
2102	68-69	0.5944200386925615
2102	70-71	0.5702194559082372
2102	72-73	0.596117358740976
2102	74-75	0.6486600534508327
2102	76-77	0.7159204861496775
2102	78-79	0.6137152964228818
2102	80-81	0.657226627062677
2102	82-83	0.6768385058261259
2102	84-85	0.6335235013050493
2102	86-87	0.632395987210252
2102	88-89	0.6889263276671542
2102	90-91	0.6817259550812764
2102	92-93	0.7450830868444562
2102	94-95	0.7665879280395274
2102	96-97	0.9111426200677855
2102	98-99	1.0283516178415404
2102	100-101	1.3440726413788155
2103	1	0.2387054009389189
2103	2	0.1997755866965889
2103	3	0.1787182514396406
2103	4	0.07033671911921857
2103	5	5.029826426302119
2103	6	3.2011615683494696
2103	7	0.9687380502342222
2103	8	0.43365212532692254
2103	9	0.22077719890567948
2103	10-11	0.11091597332116976
2103	12-13	0.09111733646184916
2103	14-15	0.16438852889111644
2103	16-17	0.10515130682691876
2103	18-19	0.04161178931945386
2103	20-21	0.0927354123238402
2103	22-23	0.15345604111784183
2103	24-25	0.16764654299550585
2103	26-27	0.2849924553750398
2103	28-29	0.3266113793300178
2103	30-31	0.24557517568743492
2103	32-33	0.2024330634252962
2103	34-35	0.22000052980249762
2103	36-37	0.25425224511025846
2103	38-39	0.2785929082425511
2103	40-41	0.22171601684366493
2103	42-43	0.2642029052665009
2103	44-45	0.31323319316009446
2103	46-47	0.28882716323734314
2103	48-49	0.28753680955043137
2103	50-51	0.30988731699601146
2103	52-53	0.40537397267966924
2103	54-55	0.2806549193564223
2103	56-57	0.3321907924292091
2103	58-59	0.39225653188975684
2103	60-61	0.3129223034616544
2103	62-63	0.4194602338948954
2103	64-65	0.44604357480125856
2103	66-67	0.47334554209287916
2103	68-69	0.4937567105066094
2103	70-71	0.474889924470574
2103	72-73	0.44237055892281774
2103	74-75	0.4663743539248699
2103	76-77	0.5441615340091133
2103	78-79	0.4570684066747148
2103	80-81	0.48229973028934126
2103	82-83	0.4998189747109194
2103	84-85	0.587717507427044
2103	86-87	0.5207800603179891
2103	88-89	0.5554881703448871
2103	90-91	0.5688463317555943
2103	92-93	0.5279244116091171
2103	94-95	0.628396469676801
2103	96-97	0.786550121572855
2103	98-99	0.9238737283005314
2103	100-101	1.1933407526089432
2104	1	0.19757195365004776
2104	2	0.16109492560691052
2104	3	0.1884984479936307
2104	4	0.04599189539243298
2104	5	5.0755331829242785
2104	6	3.187954010116677
2104	7	0.9594333335727043
2104	8	0.3845106636142006
2104	9	0.16543420298399525
2104	10-11	0.051352418302343494
2104	12-13	0.03808053235992048
2104	14-15	0.07456474811090175
2104	16-17	0.08708623903431345
2104	18-19	0.08422959200253644
2104	20-21	0.04277139227573201
2104	22-23	0.06039761999021209
2104	24-25	0.07197409815849909
2104	26-27	0.15496533445914196
2104	28-29	0.22046405302528882
2104	30-31	0.16766798287222429
2104	32-33	0.14666021316462974
2104	34-35	0.16925940250007443
2104	36-37	0.1903561702497285
2104	38-39	0.19089137637676146
2104	40-41	0.1855429000285298
2104	42-43	0.18709024406103225
2104	44-45	0.20183973751426976
2104	46-47	0.24035431554210618
2104	48-49	0.2450661262637226
2104	50-51	0.28084532693115705
2104	52-53	0.30601246044410857
2104	54-55	0.21940360346585663
2104	56-57	0.29375935110505935
2104	58-59	0.2850743897107435
2104	60-61	0.2755961804523608
2104	62-63	0.38295793223704777
2104	64-65	0.39846107154767196
2104	66-67	0.4152376287095052
2104	68-69	0.40502753815794534
2104	70-71	0.42771539862039987
2104	72-73	0.4655373790657862
2104	74-75	0.5028652696827791
2104	76-77	0.5223741543681726
2104	78-79	0.4802173193322119
2104	80-81	0.5478001523520888
2104	82-83	0.5318923488394915
2104	84-85	0.5918122606006548
2104	86-87	0.6199072951311422
2104	88-89	0.5992280706799988
2104	90-91	0.5244188340362967
2104	92-93	0.5687812039315965
2104	94-95	0.6765970704754096
2104	96-97	0.8031487609906733
2104	98-99	0.9450956313020207
2104	100-101	1.1890269593630194
2105	1	0.08118845896712656
2105	2	0.046893731792515325
2105	3	0.07479007153511219
2105	4	0.005313322096569095
2105	5	4.992620628875425
2105	6	3.099073768366601
2105	7	0.8564067725738127
2105	8	0.3198856320268817
2105	9	0.04767273391419735
2105	10-11	-0.025517300586734848
2105	12-13	-0.052331550648212044
2105	14-15	-0.05662600375691085
2105	16-17	-0.07273247155371365
2105	18-19	-0.0646696697034912
2105	20-21	-0.046175859259093954
2105	22-23	0.003871380292665094
2105	24-25	-0.031689320650890807
2105	26-27	0.07147305571135121
2105	28-29	0.14220522716495765
2105	30-31	0.05654221913903967
2105	32-33	0.025620816441069394
2105	34-35	0.01730842673590871
2105	36-37	0.02673839698987024
2105	38-39	0.030565858688120784
2105	40-41	0.05105808477806306
2105	42-43	0.08432307008973083
2105	44-45	0.0934017656890731
2105	46-47	0.11894530451725416
2105	48-49	0.1662064314512719
2105	50-51	0.16019529956444956
2105	52-53	0.1956659643820018
2105	54-55	0.0938626851541855
2105	56-57	0.09348670741901799
2105	58-59	0.14369701503267152
2105	60-61	0.11947195181659254
2105	62-63	0.2057705809400403
2105	64-65	0.22687313324208702
2105	66-67	0.1874299261844996
2105	68-69	0.23690712352279064
2105	70-71	0.26319215456354783
2105	72-73	0.27370873985990585
2105	74-75	0.2963395527749455
2105	76-77	0.35823780459489285
2105	78-79	0.3266882899867909
2105	80-81	0.377189547002871
2105	82-83	0.41880649850054397
2105	84-85	0.4377731762815813
2105	86-87	0.4177308380159914
2105	88-89	0.3989758159374688
2105	90-91	0.4392361832660754
2105	92-93	0.46090328646883805
2105	94-95	0.46991033251985215
2105	96-97	0.5904379170857403
2105	98-99	0.672811113018156
2105	100-101	0.8800069154525509
2106	1	-0.020030753082032504
2106	2	-0.04692163855098386
2106	3	-0.031590302284890015
2106	4	-0.0709149581977897
2106	5	4.904275012076173
2106	6	3.009361358407638
2106	7	0.787956767381921
2106	8	0.21158664703413166
2106	9	-0.08636393280615096
2106	10-11	-0.1676161292983096
2106	12-13	-0.13906046288255425
2106	14-15	-0.16370074873355378
2106	16-17	-0.16391400693239433
2106	18-19	-0.19022533626847604
2106	20-21	-0.18624043383115918
2106	22-23	-0.148116156618201
2106	24-25	-0.16190966776477467
2106	26-27	-0.08341881169476295
2106	28-29	-0.06942718024964023
2106	30-31	-0.14176705097990094
2106	32-33	-0.12060707510156732
2106	34-35	-0.11124065179265585
2106	36-37	-0.1031485872883593
2106	38-39	-0.1344804630147607
2106	40-41	-0.16562967897460368
2106	42-43	-0.13112262287553023
2106	44-45	-0.09755968693213646
2106	46-47	-0.05379738270637091
2106	48-49	-0.08419800046392822
2106	50-51	-0.013555512601996611
2106	52-53	-0.004984505255741567
2106	54-55	-0.13735013275572072
2106	56-57	-0.13700657037417585
2106	58-59	-0.07827410419675118
2106	60-61	-0.09503223249371473
2106	62-63	-0.090789605502124
2106	64-65	-0.07171509514309804
2106	66-67	-0.031056184538705622
2106	68-69	-0.052046128564143146
2106	70-71	-0.055048699632749276
2106	72-73	-0.07523593584954114
2106	74-75	-0.08397583808852005
2106	76-77	-0.024902192814657553
2106	78-79	-0.059858032936404015
2106	80-81	-0.03691336643463217
2106	82-83	-0.007252468278124979
2106	84-85	-0.060329917459156945
2106	86-87	0.008071823135885836
2106	88-89	-0.045574366402739486
2106	90-91	-0.03841346559359948
2106	92-93	-0.04009209216916787
2106	94-95	0.009286560727161941
2106	96-97	0.11350716853307219
2106	98-99	0.14716937382700124
2106	100-101	0.2718369634815829
2107	1	-0.08535600678877131
2107	2	-0.12605395321879342
2107	3	-0.0707015861622935
2107	4	-0.12513672815302357
2107	5	4.870032795040206
2107	6	2.9504211574500303
2107	7	0.710305440808213
2107	8	0.18543674140442334
2107	9	-0.14077301776713114
2107	10-11	-0.22752090204683384
2107	12-13	-0.22664703224095462
2107	14-15	-0.2619528030457374
2107	16-17	-0.26449182810484473
2107	18-19	-0.30350288250001256
2107	20-21	-0.27085183805624524
2107	22-23	-0.2571441340984819
2107	24-25	-0.27858054432170576
2107	26-27	-0.21318004527444856
2107	28-29	-0.2228518937163031
2107	30-31	-0.36657811268683105
2107	32-33	-0.4140216536045429
2107	34-35	-0.3961138522363896
2107	36-37	-0.42261540350531845
2107	38-39	-0.3691480044370721
2107	40-41	-0.33856175784682563
2107	42-43	-0.27915532921372943
2107	44-45	-0.3258903773640398
2107	46-47	-0.4568435374591999
2107	48-49	-0.3519881664433626
2107	50-51	-0.3713370810272494
2107	52-53	-0.4170752042980652
2107	54-55	-0.44946074383225465
2107	56-57	-0.5880808739922898
2107	58-59	-0.5647131757126402
2107	60-61	-0.4319402961967853
2107	62-63	-0.381156912981794
2107	64-65	-0.5374783709257471
2107	66-67	-0.6258199032784901
2107	68-69	-0.6940823559593383
2107	70-71	-0.7957526831491606
2107	72-73	-0.7617098611790496
2107	74-75	-0.7537295951326399
2107	76-77	-0.6758689508721076
2107	78-79	-0.7133772310486677
2107	80-81	-0.6204151591566216
2107	82-83	-0.636198035943849
2107	84-85	-0.6231918248929347
2107	86-87	-0.6429794264109674
2107	88-89	-0.6977972421789858
2107	90-91	-0.6866231635558471
2107	92-93	-0.6547258597866907
2107	94-95	-0.6266166750038735
2107	96-97	-0.5544138166421639
2107	98-99	-0.4396160332615864
2107	100-101	-0.3624244741451008
2108	1	-0.30522736541029616
2108	2	-0.30023328205485456
2108	3	-0.21082064439033843
2108	4	-0.2786218265192417
2108	5	4.567026634594239
2108	6	2.739973544540497
2108	7	0.2966658837796956
2108	8	-0.1006131659445515
2108	9	-0.32679045206963764
2108	10-11	-0.41905361076271674
2108	12-13	-0.35880156707897015
2108	14-15	-0.4470788346626975
2108	16-17	-0.4768824839188426
2108	18-19	-0.5120725518789371
2108	20-21	-0.6930709459396738
2108	22-23	-0.7717687170577392
2108	24-25	-0.6685910851305934
2108	26-27	-0.611831195032785
2108	28-29	-0.6439439109303535
2108	30-31	-0.710199510672588
2108	32-33	-0.6951082214981952
2108	34-35	-0.7457828069714552
2108	36-37	-0.801564650671807
2108	38-39	-0.7717520314636488
2108	40-41	-0.7780557832754837
2108	42-43	-0.7857278044307066
2108	44-45	-0.7983069862696155
2108	46-47	-0.7434698224585503
2108	48-49	-0.6853500307348526
2108	50-51	-0.692755215784203
2108	52-53	-0.7484631705809548
2108	54-55	-0.8566014664928971
2108	56-57	-0.8007904001203414
2108	58-59	-0.741237930317908
2108	60-61	-0.897832835911565
2108	62-63	-0.8914326027383765
2108	64-65	-0.9693306719538057
2108	66-67	-0.9557833589762623
2108	68-69	-0.7761197498129846
2108	70-71	-0.8490503329796582
2108	72-73	-0.8276683887115652
2108	74-75	-0.8433445786838902
2108	76-77	-0.7883335861160319
2108	78-79	-0.791630559389354
2108	80-81	-0.7800079097466082
2108	82-83	-0.7679126449321245
2108	84-85	-0.7466721892221742
2108	86-87	-0.8320377514196551
2108	88-89	-0.7660096236496301
2108	90-91	-0.7701315595556153
2108	92-93	-0.8323491118927606
2108	94-95	-0.8279493670249067
2108	96-97	-0.772987911370997
2108	98-99	-0.8650559992838929
2108	100-101	-0.9973543011528463
2201	1	-1.4020876855615576
2201	2	-1.0291500140192227
2201	3	-0.7252738883378171
2201	4	0.09152668394830243
2201	5	-17.676939756438223
2201	6	-15.041376125516123
2201	7	-3.765798456874535
2201	8	-1.473923907869242
2201	9	-0.1326801026312623
2201	10-11	0.19187071769000852
2201	12-13	0.305869899326737
2201	14-15	0.46508280125654977
2201	16-17	0.4360320451781732
2201	18-19	0.409672555475602
2201	20-21	0.4519713065676214
2201	22-23	0.4178672736202884
2201	24-25	0.31997662923154024
2201	26-27	0.4410804310360774
2201	28-29	0.5527209740473609
2201	30-31	0.4232044715194263
2201	32-33	0.4254318082613864
2201	34-35	0.4731511750884039
2201	36-37	0.4508825817381208
2201	38-39	0.4045642706970156
2201	40-41	0.39507336876554433
2201	42-43	0.25738361454189373
2201	44-45	0.33771881808092985
2201	46-47	0.4158658630109713
2201	48-49	0.3995796131788296
2201	50-51	0.34960052936460784
2201	52-53	0.4402312193677673
2201	54-55	0.41809070799463655
2201	56-57	0.43368501914734736
2201	58-59	0.41559482973583783
2201	60-61	0.4614872088394222
2201	62-63	0.5218301458728405
2201	64-65	0.5279767986756596
2201	66-67	0.539876927954019
2201	68-69	0.4995304501654019
2201	70-71	0.39599093910570105
2201	72-73	0.41605485701538925
2201	74-75	0.35115652480805437
2201	76-77	0.46749462023450405
2201	78-79	0.4050218875311913
2201	80-81	0.3627180232969778
2201	82-83	0.41085488674191595
2201	84-85	0.3913075928387286
2201	86-87	0.3003985873832278
2201	88-89	0.3225263662464002
2201	90-91	0.23377736822281747
2201	92-93	0.31267308537504945
2201	94-95	0.2732032050670057
2201	96-97	-0.14648747570394605
2201	98-99	-0.04605774646016059
2201	100-101	0.19818064707271077
2202	1	-1.404259165430183
2202	2	-0.9701739947025274
2202	3	-1.9102354884811596
2202	4	-0.38963942574471844
2202	5	-18.95222091515014
2202	6	-15.279515414959441
2202	7	-3.9985575718241293
2202	8	-1.5192498765321432
2202	9	-0.15620550224232232
2202	10-11	0.19349125076767848
2202	12-13	0.25067896888093344
2202	14-15	0.4387934309486283
2202	16-17	0.38467025955709744
2202	18-19	0.4144515397108961
2202	20-21	0.4182766107581486
2202	22-23	0.4358319322277495
2202	24-25	0.4016857924467274
2202	26-27	-0.6568099068491691
2202	28-29	-0.09659315508983468
2202	30-31	0.33772282145705645
2202	32-33	0.4598597810177054
2202	34-35	0.4754212015226358
2202	36-37	0.4938188571395372
2202	38-39	0.48646814353161716
2202	40-41	0.5041484309463229
2202	42-43	0.49813252250569207
2202	44-45	0.46676106689796626
2202	46-47	0.5453735573221579
2202	48-49	0.5008689680647436
2202	50-51	0.40852419392425077
2202	52-53	0.4258220774728443
2202	54-55	0.4294680334329044
2202	56-57	0.40579805978538985
2202	58-59	0.47064331869761844
2202	60-61	0.46462259290523633
2202	62-63	0.479289777159984
2202	64-65	0.5371991197165116
2202	66-67	0.5334250019769442
2202	68-69	0.5105597654059082
2202	70-71	0.5103986919190646
2202	72-73	0.5067315485520751
2202	74-75	0.5328239093717997
2202	76-77	0.6448583080219947
2202	78-79	0.49248236278091895
2202	80-81	0.5361138160093475
2202	82-83	0.4246276774287594
2202	84-85	0.41780903936898994
2202	86-87	0.481321388355056
2202	88-89	0.5284468876253783
2202	90-91	0.5008873486494707
2202	92-93	0.5825907763712372
2202	94-95	0.6268584255881322
2202	96-97	0.730605641367962
2202	98-99	0.7739714330905691
2202	100-101	0.7506854948715294
2203	1	0.3878182204798861
2203	2	0.36429783586959985
2203	3	0.3751240143093213
2203	4	0.24235498195152871
2203	5	-29.090810071616506
2203	6	-15.736811696478526
2203	7	-4.3307886880759945
2203	8	-1.4883128414027311
2203	9	-0.15407263483071176
2203	10-11	0.17833250872588025
2203	12-13	0.3310760093876297
2203	14-15	0.5071765283161866
2203	16-17	0.48222860422453095
2203	18-19	0.4817361261840105
2203	20-21	0.49743256011246473
2203	22-23	0.526902385110823
2203	24-25	0.5680408981239893
2203	26-27	0.6834456631841803
2203	28-29	0.7122834510477603
2203	30-31	0.6484326039495798
2203	32-33	0.6235121158908825
2203	34-35	0.6460280062628669
2203	36-37	0.6819780857688755
2203	38-39	0.6373326468882681
2203	40-41	0.6878503991124916
2203	42-43	0.6904783412970517
2203	44-45	0.6829233704113946
2203	46-47	0.7178645656305847
2203	48-49	0.740109817901903
2203	50-51	0.6443444606193012
2203	52-53	0.6512062246696217
2203	54-55	0.5981340185052986
2203	56-57	0.5674123830139308
2203	58-59	0.6304828929895763
2203	60-61	0.6264387664409554
2203	62-63	0.5756377171903893
2203	64-65	0.5566222001639645
2203	66-67	0.6007370122922211
2203	68-69	0.6350927253824281
2203	70-71	0.5750139598877553
2203	72-73	0.4313318009881044
2203	74-75	0.5009993077919646
2203	76-77	0.5990138684494823
2203	78-79	0.4464355868041068
2203	80-81	0.4108050711374176
2203	82-83	0.4415800230035387
2203	84-85	0.45936362513802464
2203	86-87	0.5481665976239469
2203	88-89	0.5171698140917727
2203	90-91	0.5531739187715772
2203	92-93	0.6448996992471727
2203	94-95	0.731565863196245
2203	96-97	0.7847768816757714
2203	98-99	0.7917856548748468
2203	100-101	0.7515191072255192
2204	1	0.4571779212716933
2204	2	0.39545305442431555
2204	3	0.4072427396616689
2204	4	0.2632240762774174
2204	5	-29.090810071616506
2204	6	-15.725115363170428
2204	7	-4.265341439693163
2204	8	-1.4608260791818992
2204	9	-0.12843456063133374
2204	10-11	0.27175195175674105
2204	12-13	0.37958218646957675
2204	14-15	0.5131513223562578
2204	16-17	0.49348054060723
2204	18-19	0.48703132191341325
2204	20-21	0.5132667034628966
2204	22-23	0.5152243421817673
2204	24-25	0.562013020337595
2204	26-27	0.667472449063176
2204	28-29	0.6960167470250624
2204	30-31	0.6418527757445815
2204	32-33	0.6164328240316266
2204	34-35	0.6316048120406563
2204	36-37	0.6691498588966809
2204	38-39	0.6567883423438801
2204	40-41	0.6845477354506784
2204	42-43	0.6592928072847215
2204	44-45	0.7032729799665489
2204	46-47	0.7180218967332905
2204	48-49	0.7053004538373528
2204	50-51	0.6623396450557948
2204	52-53	0.6068500324844877
2204	54-55	0.6138897892619255
2204	56-57	0.6239417192437315
2204	58-59	0.6349698695462749
2204	60-61	0.5475186908368954
2204	62-63	0.620831056457078
2204	64-65	0.6571190066032742
2204	66-67	0.6611916139959817
2204	68-69	0.5931033828925294
2204	70-71	0.5163643009753827
2204	72-73	0.5141280190667956
2204	74-75	0.5166082112310662
2204	76-77	0.5253376791454301
2204	78-79	0.44065527597517473
2204	80-81	0.5245327017975043
2204	82-83	0.5067627667350223
2204	84-85	0.5679824790056145
2204	86-87	0.5552596394503837
2204	88-89	0.4951638815899315
2204	90-91	0.47501503465534967
2204	92-93	0.6320541027278281
2204	94-95	0.626045260416614
2204	96-97	0.6954273238803417
2204	98-99	0.6977091515387066
2204	100-101	0.5658558183854012
2205	1	0.26466068455646763
2205	2	0.21316914860631186
2205	3	0.21434189864401532
2205	4	0.13206930512943416
2205	5	-29.090810071616506
2205	6	-15.754487459545313
2205	7	-4.457827330490961
2205	8	-1.5803962581250204
2205	9	-0.2951066564783247
2205	10-11	0.11908082851186919
2205	12-13	0.23084528572757534
2205	14-15	-0.2800611869052716
2205	16-17	0.17003481056469383
2205	18-19	0.2757743570650959
2205	20-21	0.3347438279105788
2205	22-23	0.34515661621016136
2205	24-25	0.4083954089527495
2205	26-27	0.4656903231997589
2205	28-29	0.5108786829531624
2205	30-31	0.43788976383198275
2205	32-33	0.4172479000967826
2205	34-35	0.4337207406430892
2205	36-37	0.4521762041736679
2205	38-39	0.4139050989454134
2205	40-41	0.4182849861965465
2205	42-43	0.4264859017530114
2205	44-45	0.5228022139536037
2205	46-47	0.5165746133168128
2205	48-49	0.48239709077984116
2205	50-51	0.4057297821048991
2205	52-53	0.34593376489902994
2205	54-55	0.3053466063386949
2205	56-57	0.31793548190072585
2205	58-59	0.33924247171852784
2205	60-61	0.3031118467377141
2205	62-63	0.30236270493832507
2205	64-65	0.3392114928982508
2205	66-67	0.38075921097372856
2205	68-69	0.2719982102979017
2205	70-71	0.19578615413071532
2205	72-73	0.0903461716299816
2205	74-75	0.09324286078783217
2205	76-77	0.20524048493135894
2205	78-79	0.12738127915743291
2205	80-81	0.11862848474406462
2205	82-83	0.15005794485271906
2205	84-85	0.17109098513164867
2205	86-87	0.18479479556554423
2205	88-89	0.1358878888917019
2205	90-91	0.08949050454165786
2205	92-93	0.16541281520862228
2205	94-95	0.18704915873545502
2205	96-97	0.20762948105037893
2205	98-99	0.25707343124964055
2205	100-101	0.04611056414589143
2206	1	0.21232944265887
2206	2	0.1634325864524655
2206	3	0.18565199129664478
2206	4	0.13499555796447993
2206	5	-29.090810071616506
2206	6	-15.78090611908895
2206	7	-4.625090457621781
2206	8	-1.7071095386835822
2206	9	-0.4448525018360385
2206	10-11	0.0018087338122967367
2206	12-13	0.1710119276209099
2206	14-15	0.254534954899448
2206	16-17	0.23653147069203584
2206	18-19	0.22465215965441843
2206	20-21	0.20949236165677831
2206	22-23	0.23188810668474957
2206	24-25	0.2610784832646331
2206	26-27	0.17471130826228176
2206	28-29	0.3250054528016548
2206	30-31	0.3316413454430389
2206	32-33	0.31020166641487634
2206	34-35	0.30188988558965235
2206	36-37	0.346846507901013
2206	38-39	0.31217649891010524
2206	40-41	0.3652816271754773
2206	42-43	0.3651621234950966
2206	44-45	0.4355751009435238
2206	46-47	0.4434322009731133
2206	48-49	0.3396662228075087
2206	50-51	0.15245385861194904
2206	52-53	0.21714354549597203
2206	54-55	0.13340736384432006
2206	56-57	0.11960498966512745
2206	58-59	0.12432986233469023
2206	60-61	0.22031135180984762
2206	62-63	0.20324102907139263
2206	64-65	0.14260013746905287
2206	66-67	0.16488743510223713
2206	68-69	0.10899793824945192
2206	70-71	-0.04708635823652685
2206	72-73	-0.04031606889537187
2206	74-75	-0.06134278432762841
2206	76-77	0.025703708341154652
2206	78-79	-0.04829462123933581
2206	80-81	-0.024443494025668144
2206	82-83	-0.03455546942070242
2206	84-85	-0.0037565154604450868
2206	86-87	-0.0713885873921356
2206	88-89	-0.09687423519455507
2206	90-91	-0.13362156792313584
2206	92-93	-0.014399282373044997
2206	94-95	-0.04039628763231562
2206	96-97	-0.03225278629595962
2206	98-99	-0.05615025847461297
2206	100-101	-0.37071058979819327
2207	1	-1.941647709707123
2207	2	-1.3684935649982393
2207	3	-1.070655244613402
2207	4	-0.19910716023997566
2207	5	-17.625746796539516
2207	6	-14.960445713700508
2207	7	-4.268387871790932
2207	8	-1.8108581387254432
2207	9	-0.5424164180161029
2207	10-11	-0.17801587270698604
2207	12-13	-0.05882624679565396
2207	14-15	-0.012763380699162497
2207	16-17	-0.02957558616871836
2207	18-19	-0.04142317703519893
2207	20-21	-0.15102995310294176
2207	22-23	-0.13374213738478602
2207	24-25	-0.09601627644637034
2207	26-27	-0.08284269391999999
2207	28-29	-0.13245405290339107
2207	30-31	-0.265207757804248
2207	32-33	-0.30272874909164216
2207	34-35	-0.343207934792531
2207	36-37	-0.37707934809560584
2207	38-39	-0.2600051853294403
2207	40-41	-0.3554999005895425
2207	42-43	-0.25484820361963756
2207	44-45	-0.2581799647017604
2207	46-47	-0.43101080282963977
2207	48-49	-0.4298626867135198
2207	50-51	-0.3828512431246338
2207	52-53	-0.43904514117087956
2207	54-55	-0.5968416303017037
2207	56-57	-0.7170870508155502
2207	58-59	-0.6494498954056809
2207	60-61	-0.6538770126520319
2207	62-63	-0.5692642236110146
2207	64-65	-0.7931283931728714
2207	66-67	-1.0300873792547165
2207	68-69	-1.0664095511297305
2207	70-71	-1.108231372816853
2207	72-73	-1.0906470886514725
2207	74-75	-1.1728911985532875
2207	76-77	-1.1748865366031538
2207	78-79	-1.2464440401290915
2207	80-81	-1.2303655420361181
2207	82-83	-1.1721647234963513
2207	84-85	-1.1407735349976917
2207	86-87	-1.2005754871055458
2207	88-89	-1.3208427021339588
2207	90-91	-1.3462645852946054
2207	92-93	-1.2897270834889802
2207	94-95	-1.3840067937079255
2207	96-97	-1.3966114382680672
2207	98-99	-1.4898441614829743
2207	100-101	-1.88846247564976
2208	1	-0.005170452624767563
2208	2	-0.023367405729942448
2208	3	0.006577320967153355
2208	4	-0.05683052629196084
2208	5	-29.090810071616506
2208	6	-15.806111367298627
2208	7	-4.792084287420408
2208	8	-1.7826778674815813
2208	9	-0.6194074983016264
2208	10-11	-0.16840353847050693
2208	12-13	-0.008714994974212686
2208	14-15	0.03869415488491512
2208	16-17	0.008083211721576333
2208	18-19	-0.027758736614764246
2208	20-21	-0.09391229031634651
2208	22-23	-0.2131701052923134
2208	24-25	-0.14895837493799036
2208	26-27	-0.9854545821748744
2208	28-29	-2.7375847796696675
2208	30-31	-0.855947768017046
2208	32-33	-0.5241224394478863
2208	34-35	-0.4792585520436248
2208	36-37	-0.4135743730176813
2208	38-39	-0.45988126884443403
2208	40-41	-0.49817855166122627
2208	42-43	-0.4887909887450874
2208	44-45	-0.40146908234655854
2208	46-47	-0.3962177208608537
2208	48-49	-0.42547406217410355
2208	50-51	-0.583350862761101
2208	52-53	-0.6372072094218595
2208	54-55	-0.7202135442885762
2208	56-57	-0.7387552825419448
2208	58-59	-0.7283957357002606
2208	60-61	-0.8481111927424223
2208	62-63	-0.7570888533625606
2208	64-65	-0.7521820723585009
2208	66-67	-0.7523663988231348
2208	68-69	-0.7856644190096844
2208	70-71	-0.9300423260755366
2208	72-73	-0.9743052461802009
2208	74-75	-1.0626849986708393
2208	76-77	-1.0209396949256657
2208	78-79	-1.055935292762186
2208	80-81	-1.0192033160357141
2208	82-83	-1.024577399520986
2208	84-85	-1.0477541361113154
2208	86-87	-1.0785674935872969
2208	88-89	-1.1318296012689366
2208	90-91	-1.289592971057317
2208	92-93	-1.2708050941387867
2208	94-95	-1.3578994180924226
2208	96-97	-1.4557362421139466
2208	98-99	-1.6752876946085884
2208	100-101	-2.215796234868371
2301	1	0.3632206676341667
2301	2	0.3323820216482716
2301	3	0.3636164246410658
2301	4	0.15737829604398001
2301	5	5.167619908458089
2301	6	3.2941616634852267
2301	7	1.0442012711920867
2301	8	0.5245125323987239
2301	9	0.3544305101290348
2301	10-11	0.2888029992408292
2301	12-13	0.23975185014961653
2301	14-15	0.3934706125834637
2301	16-17	0.3057382723651827
2301	18-19	0.2647034641530226
2301	20-21	0.3210826014379151
2301	22-23	0.30607106964886555
2301	24-25	-0.044639772123474586
2301	26-27	0.1630081354309283
2301	28-29	0.38039225022879464
2301	30-31	0.3864909522210098
2301	32-33	0.3927574947936421
2301	34-35	0.36402024965647684
2301	36-37	0.4054609385131869
2301	38-39	0.37428184787618335
2301	40-41	0.3485686245708095
2301	42-43	-0.11002322234997308
2301	44-45	0.03688764902944541
2301	46-47	0.21555459684365275
2301	48-49	0.3148907226465312
2301	50-51	0.1858179725039335
2301	52-53	0.34751829919478183
2301	54-55	0.3469596690070631
2301	56-57	0.4014001038217785
2301	58-59	0.2905787359738099
2301	60-61	0.32153687447901547
2301	62-63	0.3398653286272122
2301	64-65	0.39441438598693424
2301	66-67	0.4419806316668584
2301	68-69	0.3537454343693085
2301	70-71	0.4523777624343097
2301	72-73	0.440584552080864
2301	74-75	0.3912077745603213
2301	76-77	0.48664490148598816
2301	78-79	0.35365690611321554
2301	80-81	0.3310926179514695
2301	82-83	0.3969066943888748
2301	84-85	0.35141770697784125
2301	86-87	0.36720480992080695
2301	88-89	0.3587869922291844
2301	90-91	0.33807299213091824
2301	92-93	0.35688790587731134
2301	94-95	0.29647241912830324
2301	96-97	-0.737632157084672
2301	98-99	-0.8267428607017813
2301	100-101	-0.218960861583831
2302	1	0.25478413156647406
2302	2	0.22332534137623838
2302	3	-0.6538840641115158
2302	4	-0.1887164966395929
2302	5	4.9957331954459185
2302	6	3.1869556734860396
2302	7	1.014379749906567
2302	8	0.5043461564596967
2302	9	0.28918621752738716
2302	10-11	0.27043185896571487
2302	12-13	0.23154367856576386
2302	14-15	0.3561302516055562
2302	16-17	0.3159068767830746
2302	18-19	0.2953818606582388
2302	20-21	0.3074661909906027
2302	22-23	0.29124580840064596
2302	24-25	0.30934988584205314
2302	26-27	-0.6271036497373359
2302	28-29	-0.1575841562700404
2302	30-31	0.20759464265741912
2302	32-33	0.28100798627740886
2302	34-35	0.3895532144697782
2302	36-37	0.38477728743433204
2302	38-39	0.40120985487541105
2302	40-41	0.3780123897630361
2302	42-43	0.45185192162876575
2302	44-45	0.40907282192619476
2302	46-47	0.4249188704432072
2302	48-49	0.37404040869952837
2302	50-51	0.2592148561821688
2302	52-53	0.3921785327469465
2302	54-55	0.45413073123723535
2302	56-57	0.3886896507697273
2302	58-59	0.4149601445481039
2302	60-61	0.42349617870031153
2302	62-63	0.46353395149427
2302	64-65	0.46978049559042034
2302	66-67	0.48378395693109866
2302	68-69	0.5034288684933941
2302	70-71	0.5162206345003
2302	72-73	0.5148913258962367
2302	74-75	0.5184579371349471
2302	76-77	0.5956337794197282
2302	78-79	0.4841981830514328
2302	80-81	0.45260159498604935
2302	82-83	0.45109519251547425
2302	84-85	0.4467587708173255
2302	86-87	0.48733177342806755
2302	88-89	0.49854719194344455
2302	90-91	0.3559431624344569
2302	92-93	0.4772441842695123
2302	94-95	0.5495691419970399
2302	96-97	0.5526199152287177
2302	98-99	0.600967677509626
2302	100-101	0.8432709020660027
2303	1	0.17178091632632686
2303	2	0.17709240280251493
2303	3	0.22328462484070855
2303	4	0.09858635231098845
2303	5	5.117626826685612
2303	6	3.2481648950379522
2303	7	0.975793897747991
2303	8	0.5015633419134744
2303	9	0.2808733165327766
2303	10-11	-0.35559637894277785
2303	12-13	-0.11661519508595575
2303	14-15	0.19595410336012975
2303	16-17	0.2046771735870223
2303	18-19	0.24481691541217998
2303	20-21	0.26173416608980205
2303	22-23	0.1978942576175058
2303	24-25	0.2616481245708684
2303	26-27	0.37392707179147777
2303	28-29	0.42007676977537756
2303	30-31	0.3532829117128742
2303	32-33	0.30665100146699587
2303	34-35	0.36462604964678036
2303	36-37	0.360528174802198
2303	38-39	0.3424164891180581
2303	40-41	0.3845764151275688
2303	42-43	0.3946615024585256
2303	44-45	0.4429718390911219
2303	46-47	0.3823537022157524
2303	48-49	0.33945968467976684
2303	50-51	0.3402007132565643
2303	52-53	0.4911390934408928
2303	54-55	0.41714590359023873
2303	56-57	0.3602397400410524
2303	58-59	0.4229930610829342
2303	60-61	0.4588043252794378
2303	62-63	0.4333649401304882
2303	64-65	0.44555921671031484
2303	66-67	0.5025994267492706
2303	68-69	0.41507635264340337
2303	70-71	0.5292681796196064
2303	72-73	0.5225115651299959
2303	74-75	0.5098652985454635
2303	76-77	0.5966046946877768
2303	78-79	0.5342028870335085
2303	80-81	0.472036610313431
2303	82-83	0.42774413549059886
2303	84-85	0.42649970254721836
2303	86-87	0.4613332015376628
2303	88-89	0.5030625420061128
2303	90-91	0.476423365087264
2303	92-93	0.4992308720055725
2303	94-95	0.500169840088617
2303	96-97	0.5985639990440177
2303	98-99	0.6587110237440648
2303	100-101	0.8901568890103242
2304	1	0.29572490054550116
2304	2	0.23437681042309322
2304	3	0.24193629887034973
2304	4	0.11757471153187282
2304	5	5.150782056407419
2304	6	3.243064164402419
2304	7	0.9956110458794214
2304	8	0.47250238379162823
2304	9	0.20366576645919565
2304	10-11	0.19138315999332178
2304	12-13	0.15953064704012831
2304	14-15	0.22595488902207705
2304	16-17	0.19719820707398128
2304	18-19	0.19001079071260563
2304	20-21	0.2062201449643979
2304	22-23	0.21230158649590436
2304	24-25	0.23054254017426246
2304	26-27	0.29436480725052405
2304	28-29	0.3700480977016909
2304	30-31	0.2793606301066589
2304	32-33	0.2548860146860008
2304	34-35	0.291687463379823
2304	36-37	0.3007920196876057
2304	38-39	0.2752777423646293
2304	40-41	0.3011192251737711
2304	42-43	0.3088566328735496
2304	44-45	0.34767917656891
2304	46-47	0.3858809093786917
2304	48-49	0.41654141563903124
2304	50-51	0.30311562953001925
2304	52-53	0.43941999076469074
2304	54-55	0.3436731417028085
2304	56-57	0.3185944531420972
2304	58-59	0.3646292861132139
2304	60-61	0.34444078193565275
2304	62-63	0.3882203501327268
2304	64-65	0.4505299065817212
2304	66-67	0.48596987966550387
2304	68-69	0.43553325505774865
2304	70-71	0.4142461048939765
2304	72-73	0.44339080028770894
2304	74-75	0.431065731718121
2304	76-77	0.47864936289615656
2304	78-79	0.4109079848802395
2304	80-81	0.4242141253946343
2304	82-83	0.402525127226653
2304	84-85	0.4468021427715456
2304	86-87	0.3725234645347868
2304	88-89	0.3864300821765738
2304	90-91	0.34100016110550513
2304	92-93	0.4106155310777879
2304	94-95	0.4703020166727363
2304	96-97	0.48215651993796627
2304	98-99	0.5187873572374855
2304	100-101	0.6286616166548207
2305	1	0.1424706549854804
2305	2	0.10006993071613834
2305	3	0.12889124376130923
2305	4	0.034696733474163466
2305	5	5.0567158653919115
2305	6	3.157500283734123
2305	7	0.9249583294274046
2305	8	0.3841427724468929
2305	9	0.11801598502252375
2305	10-11	0.07107612109078332
2305	12-13	0.05046554765035438
2305	14-15	-1.4859174565399869
2305	16-17	-0.29326809747268356
2305	18-19	-0.10121264694748788
2305	20-21	0.035999086857451346
2305	22-23	0.05090036849702528
2305	24-25	0.04277714832388568
2305	26-27	0.168663932819463
2305	28-29	0.18992944644184462
2305	30-31	0.09980135998732464
2305	32-33	0.11914507037348443
2305	34-35	0.0984136515206373
2305	36-37	0.13518398925598518
2305	38-39	0.140530309477235
2305	40-41	0.11288400101452112
2305	42-43	0.09970947084430293
2305	44-45	0.18448890256286887
2305	46-47	0.131272258365847
2305	48-49	0.18910866062665832
2305	50-51	0.08404457651027997
2305	52-53	0.16241558635993414
2305	54-55	0.11036489314290776
2305	56-57	0.11807876890063085
2305	58-59	0.07451343110102471
2305	60-61	0.1069856988698632
2305	62-63	0.08502044690869326
2305	64-65	0.14185538220322513
2305	66-67	0.23874541063226218
2305	68-69	0.19132771962100747
2305	70-71	0.16433668190661876
2305	72-73	0.1921499548904606
2305	74-75	0.16558824951045636
2305	76-77	0.22669462155837294
2305	78-79	0.17467010032828512
2305	80-81	0.185721465792561
2305	82-83	0.15808910561021605
2305	84-85	0.14196486839692568
2305	86-87	0.15778116511891938
2305	88-89	0.14207596798064515
2305	90-91	0.12483276891556372
2305	92-93	0.13065929302334567
2305	94-95	0.0648931356653435
2305	96-97	0.06160727068105132
2305	98-99	0.08935502890370728
2305	100-101	0.147795141004206
2306	1	0.020468872129924875
2306	2	0.006206580826138008
2306	3	0.04817376291397579
2306	4	-0.014056482578048701
2306	5	4.980048204225451
2306	6	3.070407688793644
2306	7	0.8401594452029215
2306	8	0.28452864691715263
2306	9	0.0118464001024563
2306	10-11	-0.02758526139780315
2306	12-13	-0.05039594624101795
2306	14-15	-0.2461549173584956
2306	16-17	-0.14395267697383218
2306	18-19	-0.16948407310285063
2306	20-21	-0.10369025381574914
2306	22-23	-0.1063380576886459
2306	24-25	-0.06137629016366475
2306	26-27	-0.012161589352665203
2306	28-29	-0.002755929064981899
2306	30-31	-0.23096654532994165
2306	32-33	-0.18747123865920656
2306	34-35	-0.1510286612814724
2306	36-37	-0.30266867927300467
2306	38-39	-0.27214740468422605
2306	40-41	-0.1740589278799476
2306	42-43	-0.14653275165871094
2306	44-45	-0.10700498122836422
2306	46-47	-0.10904941664649215
2306	48-49	-0.4997654652740522
2306	50-51	-0.5120421823610144
2306	52-53	-0.2144245805315279
2306	54-55	-0.215415058925565
2306	56-57	-0.2247818640533339
2306	58-59	-0.18302469454954462
2306	60-61	-0.19323191068851742
2306	62-63	-0.2087124228209376
2306	64-65	-0.16630849085049704
2306	66-67	-0.19419099824099106
2306	68-69	-0.22901262443234316
2306	70-71	-0.22386942349301364
2306	72-73	-0.2512315798470368
2306	74-75	-0.284463495050268
2306	76-77	-0.22896300066101816
2306	78-79	-0.321457731129442
2306	80-81	-0.3650780266354232
2306	82-83	-0.4116868536746807
2306	84-85	-0.3813863296293576
2306	86-87	-0.46705343613594863
2306	88-89	-0.6097410763297901
2306	90-91	-0.5951429615874559
2306	92-93	-0.8229257765190177
2306	94-95	-0.8513894197604692
2306	96-97	-0.7333574666133202
2306	98-99	-0.6987894891457351
2306	100-101	-0.7168218650796874
2307	1	-0.27110186862632446
2307	2	-0.21550718999773721
2307	3	-0.05591346358213656
2307	4	-0.08176798387356143
2307	5	4.916365821255763
2307	6	3.008568017035401
2307	7	0.7665110623048861
2307	8	-0.07925822279723604
2307	9	-0.2133479403354812
2307	10-11	-0.13916691818286608
2307	12-13	-0.17455264625888844
2307	14-15	-0.14493688422503936
2307	16-17	-0.19851417531831572
2307	18-19	-0.19118476314441324
2307	20-21	-0.4274208592269062
2307	22-23	-0.3517771113571797
2307	24-25	-0.3025801506379082
2307	26-27	-0.316667473113597
2307	28-29	-0.32571238677326875
2307	30-31	-0.4948023749696091
2307	32-33	-0.5043432772353711
2307	34-35	-0.6004999041040691
2307	36-37	-0.5008903824909154
2307	38-39	-0.434335445587557
2307	40-41	-0.4566454665442734
2307	42-43	-0.42502872947893167
2307	44-45	-0.32843472005470886
2307	46-47	-0.48619963515059084
2307	48-49	-0.4864644479194311
2307	50-51	-0.4670823944173179
2307	52-53	-0.3886711482771261
2307	54-55	-0.5207984303601023
2307	56-57	-0.7269182178659364
2307	58-59	-0.7965483624193581
2307	60-61	-0.7000039541217049
2307	62-63	-0.6921786880673437
2307	64-65	-0.8169402514483082
2307	66-67	-0.9569591081993352
2307	68-69	-1.00599334276923
2307	70-71	-1.105025200303146
2307	72-73	-1.1399252165101288
2307	74-75	-1.1379650109387995
2307	76-77	-1.1446843786626388
2307	78-79	-1.1765275394403716
2307	80-81	-1.0931991212624084
2307	82-83	-1.1361879854526684
2307	84-85	-1.1420534202115462
2307	86-87	-1.210162593652413
2307	88-89	-1.2161248245680198
2307	90-91	-1.2011051717726389
2307	92-93	-1.2380065391215425
2307	94-95	-1.3365191105426746
2307	96-97	-1.352737361589135
2307	98-99	-1.3879010941615917
2307	100-101	-1.532076812268258
2308	1	-0.22248327573628757
2308	2	-0.21211327308487427
2308	3	-0.15475963050824504
2308	4	-0.15942011613093854
2308	5	4.8182766982250875
2308	6	2.8904819097812435
2308	7	0.6839117635867424
2308	8	0.13615807534648638
2308	9	-0.22932953581992876
2308	10-11	-0.28773905316623427
2308	12-13	-0.34329243135726983
2308	14-15	-0.35142244957185653
2308	16-17	-0.3842466818350445
2308	18-19	-0.4302227735748332
2308	20-21	-0.46686953261023945
2308	22-23	-0.48407189929345407
2308	24-25	-0.45229922299476755
2308	26-27	-0.6290849953930504
2308	28-29	-1.6218804006854768
2308	30-31	-0.8644091694637765
2308	32-33	-0.7254832968046969
2308	34-35	-0.7094717891263826
2308	36-37	-0.6352841880574829
2308	38-39	-0.7003452476547025
2308	40-41	-0.722390047925181
2308	42-43	-0.6911694704030396
2308	44-45	-0.5509573006351545
2308	46-47	-0.5378837949193951
2308	48-49	-0.5220953517549489
2308	50-51	-0.804357101600317
2308	52-53	-0.7854995726307621
2308	54-55	-0.8819871989914461
2308	56-57	-0.8326987905182435
2308	58-59	-0.7907595810602075
2308	60-61	-0.9788318999975374
2308	62-63	-0.8694678088380385
2308	64-65	-0.8243060807458491
2308	66-67	-0.8406458958020409
2308	68-69	-0.9301562298450321
2308	70-71	-0.8795777150308339
2308	72-73	-0.8771582265874613
2308	74-75	-0.9482149150208983
2308	76-77	-0.9206442936557622
2308	78-79	-0.9376447440173195
2308	80-81	-0.9076205570011666
2308	82-83	-0.9672094590564058
2308	84-85	-1.0017920850078035
2308	86-87	-1.0128392479053687
2308	88-89	-1.1201754674484121
2308	90-91	-1.2027049936375747
2308	92-93	-1.2694093998374711
2308	94-95	-1.3858418180370862
2308	96-97	-1.5226733894214526
2308	98-99	-1.69366156545966
2308	100-101	-2.101153336817866
>>END_MODULE
>>Per sequence quality scores	pass
#Quality	Count
2	9291.0
3	2777.0
4	3967.0
5	7419.0
6	13483.0
7	26806.0
8	52679.0
9	80484.0
10	105764.0
11	133795.0
12	163725.0
13	201012.0
14	246064.0
15	297360.0
16	360288.0
17	440272.0
18	551189.0
19	559359.0
20	515753.0
21	561466.0
22	630719.0
23	735798.0
24	881466.0
25	1080135.0
26	1349454.0
27	1696376.0
28	2130342.0
29	2664623.0
30	3326875.0
31	4157695.0
32	5271113.0
33	6886361.0
34	9469505.0
35	1.3933501E7
36	2.2710259E7
37	3.8081109E7
38	4.4426371E7
39	1.4254461E7
40	77862.0
>>END_MODULE
>>Per base sequence content	pass
#Base	G	A	T	C
1	20.59288767274376	32.696486729453156	28.892642177021333	17.81798342078175
2	19.460691242049037	32.86077150618468	30.541104408857517	17.13743284290877
3	19.079691724932534	31.010814165087687	31.38067535442347	18.528818755556312
4	19.972249862907745	30.499866946436182	30.974951076824215	18.55293211383186
5	23.12383164745227	30.010038011136096	28.92915216121239	17.936978180199244
6	19.805242968480222	31.001630716488215	29.576529676228652	19.616596638802918
7	19.81776252864297	30.792497120367386	30.419409796583185	18.970330554406463
8	19.045233883755174	31.002983666572938	30.46592907376564	19.485853375906242
9	19.131181393708836	30.560395243862203	30.776299767405412	19.53212359502355
10-11	19.2199666347724	30.906788876915876	30.749316922002727	19.123927566309
12-13	19.04611073324888	30.76566538188517	31.00512456274448	19.183099322121468
14-15	19.19626311179093	30.630422860914543	30.931727848997664	19.241586178296863
16-17	19.226600010424104	30.60160764496407	30.86843100914518	19.303361335466647
18-19	19.281416970847197	30.494223284990817	30.775092365212707	19.44926737894928
20-21	19.338202775193807	30.469368372051083	30.70711634287358	19.48531250988153
22-23	19.378319807477414	30.48887104866561	30.657151327330055	19.475657816526915
24-25	19.47180795831501	30.459936900495205	30.54630157985208	19.521953561337703
26-27	19.581789798731315	30.445770076375805	30.469401048321593	19.503039076571284
28-29	19.604433189935456	30.46871440862531	30.42958685637891	19.49726554506033
30-31	19.517982449457634	30.458231531775613	30.44317518109222	19.580610837674534
32-33	19.515998100154324	30.490570222522965	30.426346623011675	19.567085054311033
34-35	19.532468695315565	30.498226842820365	30.40655743459994	19.562747027264134
36-37	19.554886014377395	30.46936638313905	30.372651860704487	19.603095741779068
38-39	19.54272119947272	30.46686309837911	30.38449740264644	19.60591829950173
40-41	19.558255809565303	30.467057995568542	30.390203020338845	19.584483174527307
42-43	19.598550901426286	30.436126283482995	30.342584241698727	19.622738573391988
44-45	19.551339352674997	30.450987663920294	30.376642171905367	19.621030811499345
46-47	19.55921787258004	30.470786460496193	30.36564815927605	19.604347507647724
48-49	19.558264743725807	30.455337967438407	30.353187110094797	19.63321017874099
50-51	19.546851916672985	30.45735720110221	30.369979693304167	19.625811188920643
52-53	19.531056411669155	30.48298945422801	30.377156757638346	19.608797376464487
54-55	19.536264707447184	30.461312349167834	30.36121187068936	19.641211072695622
56-57	19.520470706499633	30.460241343135653	30.377615374932876	19.641672575431844
58-59	19.529453311499857	30.48109096240913	30.374651807589892	19.61480391850112
60-61	19.533023559588045	30.47279133075641	30.34593988142296	19.64824522823258
62-63	19.518650497673445	30.482723933602667	30.366575977093213	19.632049591630675
64-65	19.531293894784884	30.488609600292943	30.36362581555323	19.616470689368946
66-67	19.516966180144486	30.475145681794203	30.35126464245213	19.656623495609182
68-69	19.514096326063306	30.47674036896125	30.367492668153005	19.641670636822443
70-71	19.5155767716952	30.5009592150032	30.374516872713812	19.60894714058779
72-73	19.510623287587116	30.49462770761986	30.348357702915322	19.646391301877703
74-75	19.50352155639544	30.499510064555164	30.3685586185139	19.628409760535494
76-77	19.489866217767972	30.525262526849616	30.372752228932253	19.612119026450156
78-79	19.488620554282164	30.502222770097205	30.36808761006827	19.641069065552365
80-81	19.471999709773815	30.50821287049274	30.388603488706178	19.631183931027262
82-83	19.484997031280407	30.515368938815858	30.382904085586315	19.616729944317417
84-85	19.49112078901623	30.50129282818817	30.37282280092562	19.634763581869983
86-87	19.475334444365807	30.510454372953426	30.380949283585856	19.633261899094904
88-89	19.483313073189375	30.528690620181987	30.382895497221945	19.605100809406693
90-91	19.481979554324656	30.513768871016712	30.37647371363989	19.627777861018746
92-93	19.489006065614603	30.51819001124636	30.3819977864742	19.61080613666483
94-95	19.487211413834242	30.54679560478072	30.37033807083623	19.595654910548806
96-97	19.51017659496771	30.518038218561895	30.347053788722768	19.624731397747635
98-99	19.47805128263616	30.53402591707161	30.372612572389663	19.61531022790257
100-101	19.54143089171511	30.507205117514246	30.325042394058045	19.6263215967126
>>END_MODULE
>>Per sequence GC content	warn
#GC Content	Count
0	1892.0
1	1476.0
2	1137.5
3	1408.5
4	1943.5
5	2690.0
6	3731.0
7	5694.0
8	9034.5
9	14607.5
10	24151.5
11	39360.0
12	64118.0
13	102884.5
14	160985.0
15	245230.0
16	353064.0
17	475000.5
18	614297.0
19	777079.0
20	962690.5
21	1173557.5
22	1407606.0
23	1671780.0
24	1979872.5
25	2334458.0
26	2748848.0
27	3231472.5
28	3775700.5
29	4360875.5
30	4975487.5
31	5599316.5
32	6213819.5
33	6779696.5
34	7241907.5
35	7607610.5
36	7866064.5
37	7995285.0
38	8003872.0
39	7887310.5
40	7656364.0
41	7324664.5
42	6908938.0
43	6437651.5
44	5938453.5
45	5414901.5
46	4885694.5
47	4392155.5
48	3912939.0
49	3439925.5
50	2997538.5
51	2596594.0
52	2248084.0
53	1953821.5
54	1697482.5
55	1472827.0
56	1281307.0
57	1118480.5
58	985874.0
59	877664.5
60	785638.0
61	707920.0
62	642976.0
63	588132.5
64	539784.5
65	498830.5
66	464947.0
67	433892.0
68	404177.5
69	374962.0
70	346274.0
71	316091.5
72	283048.0
73	251888.5
74	223100.0
75	196898.0
76	170746.5
77	143329.0
78	115527.5
79	90267.5
80	70294.5
81	53867.0
82	40061.0
83	29554.0
84	21269.5
85	14817.0
86	10457.0
87	7125.0
88	4708.5
89	3123.0
90	2007.0
91	1329.0
92	910.0
93	621.0
94	423.5
95	257.5
96	132.0
97	77.0
98	40.5
99	21.0
100	15.0
>>END_MODULE
>>Per base N content	warn
#Base	N-Count
1	0.020004269808553406
2	0.0
3	0.01132529042688192
4	0.003956833001399945
5	10.401373009260158
6	0.0016109200909630258
7	0.0012414584597836354
8	0.0
9	0.0016726841934398236
10-11	1.0443748236985806E-4
12-13	1.5160279698850363E-5
14-15	1.4598787858152204E-5
16-17	7.327468521111009E-5
18-19	1.6872829812979758E-4
20-21	0.0015236081097344616
22-23	3.0320559397700726E-5
24-25	8.997906747188041E-4
26-27	1.114561303785851E-4
28-29	7.004610712709567E-4
30-31	0.0033770926758790935
32-33	0.0020019991580092953
34-35	0.004254423676969971
36-37	0.001243423681226079
38-39	5.555961763708309E-4
40-41	0.001379585452595383
42-43	2.9759067557002565E-5
44-45	0.002322049507207247
46-47	0.023037448732004875
48-49	0.1435131032936449
50-51	0.25427916020001196
52-53	0.24290249326970612
54-55	0.2534986865414415
56-57	0.2700242336509494
58-59	0.25844346443654986
60-61	0.2645190868988243
62-63	0.24799887396180298
64-65	0.2342145300185835
66-67	0.23337313449529729
68-69	0.23480550018091828
70-71	0.24734249000002684
72-73	0.23913712898598424
74-75	0.24957835050968694
76-77	0.246204626784852
78-79	0.23616094148436367
80-81	0.24842392328521148
82-83	0.23499921486595915
84-85	0.22846738028311744
86-87	0.25261826733522674
88-89	0.26061643786005173
90-91	0.24334607182385767
92-93	0.2555043353964153
94-95	0.25505036924321084
96-97	0.25568345129359804
98-99	0.25629912709692354
100-101	0.250536255589918
>>END_MODULE
>>Sequence Length Distribution	pass
#Length	Count
101	1.78096978E8
>>END_MODULE
>>Sequence Duplication Levels	pass
#Total Deduplicated Percentage	71.23994261920478
#Duplication Level	Percentage of deduplicated	Percentage of total
1	79.33419811331193	56.517637213329664
2	15.4192560512348	21.96933832641587
3	3.3216523905414714	7.099029771093565
4	0.8785798539234443	2.50359913519582
5	0.29385447919820934	1.0467088118238372
6	0.146453867559068	0.6260019072761174
7	0.08444694270449453	0.4211196746844825
8	0.05459996683867547	0.31117588036781796
9	0.04230296894568087	0.27122949722810763
>10	0.3696933554129364	6.334577060615694
>50	0.048979897558593305	2.2863704625237875
>100	0.005952506009916118	0.5910160043310264
>500	1.4020516090651481E-5	0.0073484440368619675
>1k	1.558624464021266E-5	0.014847811077391365
>5k	0.0	0.0
>10k+	0.0	0.0
>>END_MODULE
>>Overrepresented sequences	pass
>>END_MODULE
>>Adapter Content	pass
#Position	Illumina Universal Adapter	Illumina Small RNA 3' Adapter	Illumina Small RNA 5' Adapter	Nextera Transposase Sequence	SOLID Small RNA Adapter
1	7.686823299157833E-4	1.684475522094485E-6	2.2459673627926464E-6	5.053426566283455E-6	0.0
2	8.955794859135678E-4	2.8074592034908083E-6	3.36895104418897E-6	7.299393929076101E-6	5.614918406981616E-7
3	0.0010887326791137355	6.176410247679778E-6	3.36895104418897E-6	1.2352820495359556E-5	2.8074592034908083E-6
4	0.0012392124924208428	7.299393929076101E-6	6.176410247679778E-6	1.4037296017454042E-5	3.36895104418897E-6
5	0.0014716701144698817	7.860885769774263E-6	6.176410247679778E-6	1.796773890234117E-5	5.614918406981617E-6
6	0.0017524160348189625	1.2914312336057719E-5	7.299393929076101E-6	2.2459673627926466E-5	7.860885769774263E-6
7	0.002060113563521555	1.4598787858152202E-5	7.860885769774263E-6	2.4144149150020952E-5	8.422377610472425E-6
8	0.0023565812554101843	1.9090722583737496E-5	8.983869451170586E-6	2.6390116512813598E-5	1.010685313256691E-5
9	0.002708636639527932	2.077519810583198E-5	9.545361291868748E-6	3.144354307909705E-5	1.0668344973265071E-5
10-11	0.0031839394826789257	2.442489507037003E-5	1.0949090893614151E-5	3.3408764521540614E-5	1.347580417675588E-5
12-13	0.003906298735737111	2.667086243316268E-5	1.2914312336057719E-5	3.986592068956948E-5	1.6002517459897607E-5
14-15	0.004594126240592359	3.116279715874797E-5	1.5160279698850365E-5	4.4638601335503854E-5	1.9090722583737496E-5
16-17	0.005304413419075534	3.284727268084246E-5	1.6002517459897607E-5	4.744606053899466E-5	2.3863403229671873E-5
18-19	0.0060396869844697755	3.705846148607867E-5	1.9090722583737496E-5	5.193799526457995E-5	2.695160835351176E-5
20-21	0.006756431319120979	4.155039621166396E-5	2.105594402618106E-5	5.7833659591910645E-5	3.088205123839889E-5
22-23	0.007477667588497768	4.295412581340937E-5	2.1336689946530142E-5	6.14833565564487E-5	3.256652676049338E-5
24-25	0.008169425536237902	4.5761585016900176E-5	2.2740419548275545E-5	6.709827496343031E-5	3.593547780468235E-5
26-27	0.008819071595925676	4.772680645934374E-5	2.6109370592464516E-5	7.18709556093647E-5	3.930442884887132E-5
28-29	0.009396846700004085	4.9411281981438225E-5	2.7793846114559E-5	7.973184137913895E-5	4.211188805236212E-5
30-31	0.009945704974286537	5.193799526457995E-5	3.032055939770073E-5	8.675048938786597E-5	4.520009317620201E-5
32-33	0.010469296115737572	5.727216775121249E-5	3.284727268084246E-5	9.124242411345126E-5	4.660382277794742E-5
34-35	0.010995694716392099	6.148335655644871E-5	3.36895104418897E-5	9.573435883903657E-5	4.800755237969282E-5
36-37	0.01149935289749835	6.569454536168491E-5	3.7058461486078664E-5	9.96648017239237E-5	5.0534265662834546E-5
38-39	0.011982797372339468	7.15902096890156E-5	3.846219108782407E-5	1.0556046605125439E-4	5.390321670702352E-5
40-41	0.012456696485888716	7.60821444146009E-5	4.070815845061672E-5	1.1061389261753785E-4	5.6149184069816166E-5
42-43	0.012987587021268829	8.001258729948803E-5	4.267337989306029E-5	1.1650955694486854E-4	6.064111879540146E-5
44-45	0.013527461426100111	8.394303018437516E-5	4.435785541515477E-5	1.2296671311289741E-4	6.429081575993951E-5
46-47	0.014062563150285458	8.843496490996046E-5	4.632307685759834E-5	1.2942386928092625E-4	6.906349640587388E-5
48-49	0.014643707205408056	9.236540779484759E-5	4.856904422039098E-5	1.333543121658134E-4	7.18709556093647E-5
50-51	0.015251522122963816	9.657659660008381E-5	4.997277382213639E-5	1.4093445201523856E-4	7.43976688925064E-5
52-53	0.01587955074678471	9.854181804252737E-5	5.109575750353271E-5	1.510413051478055E-4	7.60821444146009E-5
54-55	0.016537338438162606	1.0191076908671633E-4	5.1376503423881796E-5	1.5749846131583433E-4	7.91703495384408E-5
56-57	0.01724453741152194	1.052797201309053E-4	5.334172486632536E-5	1.6199039604141964E-4	8.366228426402608E-5
58-59	0.017991602305570845	1.0921016301579245E-4	5.4183962627372595E-5	1.7041277365189206E-4	8.590825162681874E-5
60-61	0.01880913442562737	1.1201762221928325E-4	5.6149184069816166E-5	1.7630843797922276E-4	8.843496490996047E-5
62-63	0.01966316351532927	1.1538657326347221E-4	5.727216775121249E-5	1.813618645455062E-4	8.955794859135679E-5
64-65	0.020605346824020786	1.1959776206870843E-4	5.8395151432608815E-5	1.8978424215597862E-4	9.06809322727531E-5
66-67	0.021599468127976883	1.226859671925483E-4	5.951813511400514E-5	1.962413983240075E-4	9.180391595414943E-5
68-69	0.02266911008450688	1.2745864783848267E-4	6.092186471575054E-5	2.0410228409378176E-4	9.517286699833839E-5
70-71	0.02380220061903577	1.3054685296232257E-4	6.176410247679779E-5	2.105594402618106E-4	9.938405580357462E-5
72-73	0.025077067843340947	1.3391580400651156E-4	6.28870861581941E-5	2.1280540762460328E-4	1.038759905291599E-4
74-75	0.026485289379811934	1.414959438559367E-4	6.513305352098676E-5	2.170165964298395E-4	1.0640270381230164E-4
76-77	0.02800215958745802	1.4739160818326745E-4	6.513305352098676E-5	2.2319300667751927E-4	1.0977165485649061E-4
78-79	0.029661367976721087	1.5160279698850365E-4	6.569454536168491E-5	2.3133463836764258E-4	1.1229836813963233E-4
80-81	0.031607217950660564	1.5384876435129628E-4	6.681752904308124E-5	2.358265730932279E-4	1.1370209774137774E-4
82-83	0.03384476293584274	1.5721771539548528E-4	6.73790208837794E-5	2.4087999965951136E-4	1.1510582734312313E-4
84-85	0.036397024097736236	1.6114815828037238E-4	6.850200456517573E-5	2.4705640990719114E-4	1.1763254062626487E-4
86-87	0.039301340643747476	1.6199039604141964E-4	6.906349640587388E-5	2.5210983647347456E-4	1.1903627022801026E-4
88-89	0.042753673226280126	1.625518878821178E-4	7.018648008727021E-5	2.5463654975661635E-4	1.2380895087394462E-4
90	0.045633003385380295	1.6339412564316504E-4	7.130946376866653E-5	2.560402793583617E-4	1.257741723163882E-4
>>END_MODULE
