##FastQC	0.11.9
>>Basic Statistics	pass
#Measure	Value
Filename	ET_385_1.fq.gz
File type	Conventional base calls
Encoding	Sanger / Illumina 1.9
Total Sequences	221202343
Sequences flagged as poor quality	0
Sequence length	101
%GC	36
>>END_MODULE
>>Per base sequence quality	pass
#Base	Mean	Median	Lower Quartile	Upper Quartile	10th Percentile	90th Percentile
1	31.570861173021118	31.0	31.0	34.0	30.0	34.0
2	31.796697076576624	31.0	31.0	34.0	30.0	34.0
3	31.966912705802578	33.0	31.0	34.0	30.0	34.0
4	35.50459525647972	37.0	35.0	37.0	33.0	37.0
5	35.43540048307716	37.0	35.0	37.0	33.0	37.0
6	35.455481011790184	37.0	35.0	37.0	33.0	37.0
7	35.27190272573198	37.0	35.0	37.0	32.0	37.0
8	35.38431831167358	37.0	35.0	37.0	32.0	37.0
9	36.994000452336984	39.0	37.0	39.0	33.0	39.0
10-11	36.95618373264699	39.0	37.0	39.0	33.0	39.0
12-13	36.979249580100515	39.0	37.0	39.0	33.0	39.0
14-15	38.20604845492075	40.0	37.0	41.0	33.0	41.0
16-17	38.163559596654004	40.0	37.0	41.0	33.0	41.0
18-19	38.04626302941104	40.0	37.0	41.0	32.5	41.0
20-21	38.10164874022153	40.0	37.0	41.0	33.0	41.0
22-23	38.02069117323951	40.0	37.0	41.0	33.0	41.0
24-25	37.93718630502933	40.0	37.0	41.0	32.0	41.0
26-27	37.758387400986976	40.0	37.0	41.0	32.0	41.0
28-29	37.63974659617416	40.0	37.0	41.0	32.0	41.0
30-31	37.49557863408346	40.0	37.0	41.0	31.5	41.0
32-33	33.16711611865702	38.0	31.0	40.0	12.5	41.0
34-35	36.08399385037255	38.0	34.0	40.0	28.5	41.0
36-37	36.79092763723574	39.0	36.0	40.0	30.0	41.0
38-39	36.847739119562576	39.0	36.0	40.0	30.0	41.0
40-41	36.66336290117867	39.0	35.0	40.0	30.0	41.0
42-43	36.48926284203057	38.5	35.0	40.0	30.0	41.0
44-45	36.592734537626484	39.0	35.0	40.0	30.0	41.0
46-47	36.5781743143652	39.0	35.0	40.0	30.0	41.0
48-49	36.437160857740096	39.0	35.0	40.0	30.0	41.0
50-51	36.20115317675455	39.0	35.0	40.0	29.0	41.0
52-53	36.15949999679705	39.0	35.0	40.0	29.0	41.0
54-55	36.10712969030351	38.5	35.0	40.0	29.0	41.0
56-57	35.923060810436354	38.0	34.5	40.0	28.0	41.0
58-59	35.67196337970073	38.0	34.0	40.0	28.0	41.0
60-61	35.34024385989438	38.0	34.0	40.0	27.5	41.0
62-63	35.06352869191806	38.0	34.0	40.0	27.0	41.0
64-65	34.76233304409438	37.0	33.0	40.0	26.0	41.0
66-67	34.416222973732246	37.0	33.0	40.0	26.0	41.0
68-69	34.15532732625712	36.0	33.0	39.0	26.0	41.0
70-71	33.82720414041907	36.0	32.0	39.0	26.0	40.5
72-73	33.42714910573981	35.5	32.0	39.0	25.5	40.0
74-75	33.04858599983274	35.0	32.0	38.0	25.0	40.0
76-77	32.23373481175106	34.5	31.0	37.0	24.0	39.0
78-79	32.31884435328969	35.0	31.0	37.0	24.0	39.0
80-81	31.9973375282015	35.0	31.0	36.5	23.0	39.0
82-83	31.598563343427152	34.5	31.0	36.0	22.0	38.5
84-85	31.216780606162025	34.0	31.0	36.0	21.0	37.0
86-87	30.826588111681982	34.0	30.0	35.0	20.0	37.0
88-89	30.50172182624666	34.0	30.0	35.0	19.5	36.5
90-91	30.15839286114614	34.0	30.0	35.0	18.0	36.0
92-93	29.77645925070513	34.0	29.0	35.0	15.0	36.0
94-95	29.390824300626868	34.0	29.0	35.0	7.5	36.0
96-97	28.88403345257514	34.0	29.0	35.0	2.0	35.0
98-99	28.310066046633153	34.0	29.0	35.0	2.0	35.0
100-101	26.85744263793806	32.5	26.5	34.5	2.0	35.0
>>END_MODULE
>>Per tile sequence quality	fail
#Tile	Base	Mean
1101	1	0.2391987170824983
1101	2	0.2911082557240938
1101	3	0.29880983089847746
1101	4	0.3489516959574388
1101	5	0.19290333399805348
1101	6	0.19949826844564456
1101	7	0.3538804323796967
1101	8	0.2285620197251177
1101	9	0.26788808826359656
1101	10-11	0.21080862260822641
1101	12-13	0.16996129191783638
1101	14-15	0.2089003775846976
1101	16-17	0.27701326119697
1101	18-19	0.3516778740543316
1101	20-21	0.21543618808426146
1101	22-23	0.2856689793241287
1101	24-25	0.2635833829317278
1101	26-27	0.22803302882509513
1101	28-29	0.21754063456574357
1101	30-31	0.18102269048163322
1101	32-33	4.388229855230271
1101	34-35	1.343624823731588
1101	36-37	0.5384494625816956
1101	38-39	0.34482437470781235
1101	40-41	0.43916621432581593
1101	42-43	0.26542810630817826
1101	44-45	0.14827205377723374
1101	46-47	0.27422983257459776
1101	48-49	0.22642234430572472
1101	50-51	0.2681643821297257
1101	52-53	0.2805760028612454
1101	54-55	0.3884480508805126
1101	56-57	0.3961127961533748
1101	58-59	0.4269404052465404
1101	60-61	0.48409133036745544
1101	62-63	0.31460654046502157
1101	64-65	0.46187578010044206
1101	66-67	0.5842823137565318
1101	68-69	0.5994323982093803
1101	70-71	0.6024991844742331
1101	72-73	0.5887944149544992
1101	74-75	0.5103080266432016
1101	76-77	0.3122379803684652
1101	78-79	0.54963548045545
1101	80-81	0.6778812362841578
1101	82-83	0.612702851809388
1101	84-85	0.6402735177004644
1101	86-87	0.6379779414759135
1101	88-89	0.5330653321777739
1101	90-91	0.6398297099280157
1101	92-93	0.5482712879864486
1101	94-95	0.8062438414458484
1101	96-97	0.8476540693437293
1101	98-99	0.8217648214698876
1101	100-101	0.987078225694848
1102	1	0.20329495320508428
1102	2	0.26570797244669464
1102	3	0.20051186926255582
1102	4	0.23512677968831497
1102	5	0.13130288445161398
1102	6	0.11683296693974654
1102	7	0.2897386017136796
1102	8	0.20228201447198302
1102	9	0.1866835642364819
1102	10-11	0.17191792781014215
1102	12-13	0.08153350576657203
1102	14-15	0.0942427625937583
1102	16-17	0.12692032784622143
1102	18-19	0.2059243686097716
1102	20-21	0.1988713941919258
1102	22-23	0.11682736547665229
1102	24-25	0.0837179444459153
1102	26-27	0.14906304673412762
1102	28-29	0.15724930786216618
1102	30-31	0.15542396542814174
1102	32-33	4.235675713837338
1102	34-35	1.2323069988958935
1102	36-37	0.37342116982644313
1102	38-39	0.24460703709844722
1102	40-41	0.3232614077393876
1102	42-43	0.3259147994774736
1102	44-45	0.28230730061395803
1102	46-47	0.2260486078689965
1102	48-49	0.16855991468692366
1102	50-51	0.30524820030981203
1102	52-53	0.27278202425328857
1102	54-55	0.18206763052493358
1102	56-57	0.2916629721516131
1102	58-59	0.3737002704314065
1102	60-61	0.3516852329010973
1102	62-63	0.36945772127054255
1102	64-65	0.4683301116061145
1102	66-67	0.5398614550766894
1102	68-69	0.48150972803995984
1102	70-71	0.5068725873028299
1102	72-73	0.5754187500488328
1102	74-75	0.6249695221561495
1102	76-77	0.5002854795272214
1102	78-79	0.6097536817036939
1102	80-81	0.6896926487726276
1102	82-83	0.5740065944714985
1102	84-85	0.7200468319605129
1102	86-87	0.6573060224739393
1102	88-89	0.8042758126236649
1102	90-91	0.8408721724042927
1102	92-93	0.8125656666809142
1102	94-95	0.8794161319745655
1102	96-97	0.8934567041576891
1102	98-99	0.9898276111726716
1102	100-101	1.1919652298315278
1103	1	0.11714103680630217
1103	2	0.15899461492382372
1103	3	0.09190900719301709
1103	4	0.14205440294328042
1103	5	0.1246787451277811
1103	6	0.04092916821901582
1103	7	0.24615457553685616
1103	8	0.09853658817093702
1103	9	0.07978236353524437
1103	10-11	0.05754140442158473
1103	12-13	0.007745001805496088
1103	14-15	0.0011615419598385301
1103	16-17	-0.016992574372167724
1103	18-19	0.10327679817015678
1103	20-21	0.06401779862616053
1103	22-23	0.05891094330375779
1103	24-25	0.019703432875566307
1103	26-27	-0.007401851548777927
1103	28-29	0.002992634643980807
1103	30-31	0.052532530493614615
1103	32-33	4.17719447422607
1103	34-35	1.2015094000800204
1103	36-37	0.3239784600099824
1103	38-39	0.1820908742908216
1103	40-41	0.2103490264351322
1103	42-43	0.2011892721289712
1103	44-45	0.06120226864337752
1103	46-47	0.12941561295802018
1103	48-49	0.11107483664417117
1103	50-51	0.23894873018620189
1103	52-53	0.18773371251503335
1103	54-55	0.2860342275960832
1103	56-57	0.2436180030404813
1103	58-59	0.27577290416137856
1103	60-61	0.19851301324345627
1103	62-63	0.18083347728666155
1103	64-65	0.14785137915373525
1103	66-67	0.16524204389776997
1103	68-69	0.24913810829999505
1103	70-71	0.39253336953446194
1103	72-73	0.4311013342056569
1103	74-75	0.48163688666792837
1103	76-77	0.3935149151627755
1103	78-79	0.39218124421589096
1103	80-81	0.3447962948528982
1103	82-83	0.2734828755598713
1103	84-85	0.4578512911164836
1103	86-87	0.43675938797596103
1103	88-89	0.6848587989164265
1103	90-91	0.7324499817297223
1103	92-93	0.7990076552041145
1103	94-95	0.8767855485095808
1103	96-97	0.9338664902413178
1103	98-99	0.8843063672726927
1103	100-101	1.1233352996442463
1104	1	-0.00659999804774003
1104	2	0.06123052254343264
1104	3	-0.02740570264921871
1104	4	0.1050329152077154
1104	5	-8.009663756638474E-4
1104	6	-0.02803599356330011
1104	7	0.11301307299459751
1104	8	-0.012400486564793312
1104	9	-0.06355168814189227
1104	10-11	-0.05540969746793678
1104	12-13	-0.11520045960146774
1104	14-15	-0.1395470452267702
1104	16-17	-0.14118412424525673
1104	18-19	-0.06231480995863592
1104	20-21	-0.03244002794297529
1104	22-23	-0.14590914817563316
1104	24-25	-0.21312160983573847
1104	26-27	-0.1332498334213028
1104	28-29	-0.13768889641828963
1104	30-31	-0.14584086628935466
1104	32-33	4.030683559633687
1104	34-35	0.9937656324322077
1104	36-37	0.13838804925569548
1104	38-39	-0.07709938009161021
1104	40-41	-0.043883786429788074
1104	42-43	-0.08225908214744493
1104	44-45	-0.09033994866496897
1104	46-47	-0.02369035654518825
1104	48-49	-0.03410925812783461
1104	50-51	0.11766105440376151
1104	52-53	0.011291474601136997
1104	54-55	0.060650597995980604
1104	56-57	0.09219773397065012
1104	58-59	0.18580675142960956
1104	60-61	0.1721860217518696
1104	62-63	0.21793896059053708
1104	64-65	0.2928106066061815
1104	66-67	0.30943311912837856
1104	68-69	0.3881458919244736
1104	70-71	0.3504711053711205
1104	72-73	0.36246062593614425
1104	74-75	0.3978320952793979
1104	76-77	0.31233889612565235
1104	78-79	0.5235783954977649
1104	80-81	0.4957218914407875
1104	82-83	0.5270147055639995
1104	84-85	0.5122263887674663
1104	86-87	0.5147606276279788
1104	88-89	0.5738513423512508
1104	90-91	0.5841440534098474
1104	92-93	0.6698618104438658
1104	94-95	0.7654788462235977
1104	96-97	0.818500996242161
1104	98-99	0.8783981098112186
1104	100-101	1.09530126034878
1105	1	-0.09614260115088769
1105	2	-0.009321848755948992
1105	3	-0.08436712578219385
1105	4	-0.023744188481487072
1105	5	-0.10752248297144718
1105	6	-0.13754230858012306
1105	7	0.06368806442647923
1105	8	-0.07067006352833971
1105	9	-0.1327541727383661
1105	10-11	-0.14586322117821737
1105	12-13	-0.20511542129016647
1105	14-15	-0.2898946467365917
1105	16-17	-0.24765115946154737
1105	18-19	-0.20020574816545178
1105	20-21	-0.20546294690411315
1105	22-23	-0.2465175311755985
1105	24-25	-0.34680703215068576
1105	26-27	-0.3003387369332984
1105	28-29	-0.2974914880985935
1105	30-31	-0.29940047582893214
1105	32-33	3.8856857694994886
1105	34-35	0.9008975914997208
1105	36-37	0.03764951217138446
1105	38-39	-0.1591053746605553
1105	40-41	-0.15384132643190895
1105	42-43	-0.12995520917813508
1105	44-45	-0.22711778830500862
1105	46-47	-0.13000090650964324
1105	48-49	-0.1168041055303064
1105	50-51	-0.057546130103467874
1105	52-53	-0.15066478681205098
1105	54-55	-0.1598205632552876
1105	56-57	-0.06526270113279509
1105	58-59	-0.036953101605064376
1105	60-61	-0.01933310994871107
1105	62-63	0.004900892763799902
1105	64-65	0.1098723163249602
1105	66-67	0.11648828476113238
1105	68-69	0.23073377813635432
1105	70-71	0.21292572815016797
1105	72-73	0.17861228950513208
1105	74-75	0.18956997003353848
1105	76-77	0.05865693886303802
1105	78-79	0.35618037548489667
1105	80-81	0.40615141836030233
1105	82-83	0.4807521673142148
1105	84-85	0.4711214061049134
1105	86-87	0.44759138722582037
1105	88-89	0.5844796125360325
1105	90-91	0.5634522618451676
1105	92-93	0.5578927554230866
1105	94-95	0.6143657380491945
1105	96-97	0.6465732479701067
1105	98-99	0.6593845314182154
1105	100-101	0.8172464261349255
1106	1	-0.3602603634322641
1106	2	-0.28399951509187105
1106	3	-0.2621937838005941
1106	4	-0.13396972561849907
1106	5	-0.23826316985027063
1106	6	-0.26297692741815126
1106	7	-0.12132757654699589
1106	8	-0.23948306343317682
1106	9	-0.3909025398567536
1106	10-11	-0.35228479501046195
1106	12-13	-0.31715266498918737
1106	14-15	-0.436014421194848
1106	16-17	-0.41387271886786436
1106	18-19	-0.2790296369948351
1106	20-21	-0.4489214605035414
1106	22-23	-0.4452115006865114
1106	24-25	-0.4742587190435117
1106	26-27	-0.5053716795902332
1106	28-29	-0.4545689829687447
1106	30-31	-0.379830352937816
1106	32-33	3.654801730792201
1106	34-35	0.639886486676339
1106	36-37	-0.2939373253545696
1106	38-39	-0.5019926767790963
1106	40-41	-0.5297892675654552
1106	42-43	-0.4180369652502378
1106	44-45	-0.6685231661510684
1106	46-47	-0.45167420624060384
1106	48-49	-0.5050602303644212
1106	50-51	-0.3672332270367278
1106	52-53	-0.4261297938473163
1106	54-55	-0.4766846080026639
1106	56-57	-0.3757754165111322
1106	58-59	-0.3921001506277406
1106	60-61	-0.3148418766853638
1106	62-63	-0.3158384186942911
1106	64-65	-0.2663114854234294
1106	66-67	-0.2234574691867408
1106	68-69	-0.2238979498450675
1106	70-71	-0.2854904614125431
1106	72-73	-0.39587897286658347
1106	74-75	-0.389141875961478
1106	76-77	-0.44022127143883694
1106	78-79	-0.19322963836815177
1106	80-81	-0.15017916495766315
1106	82-83	-0.14834299022916753
1106	84-85	-0.25319377454097847
1106	86-87	-0.26116398851164746
1106	88-89	-0.30250847092000654
1106	90-91	-0.2947352497697473
1106	92-93	-0.24336508404741508
1106	94-95	-0.3463298498527543
1106	96-97	-0.33956217079485285
1106	98-99	-0.3178964642423061
1106	100-101	-0.30124334467983616
1107	1	-0.5474428052346099
1107	2	-0.32762494880894977
1107	3	-0.39831618639956545
1107	4	-0.15374830132572015
1107	5	-0.3368209477134698
1107	6	-0.3401566210145077
1107	7	-0.2298833906626001
1107	8	-0.44098261637184777
1107	9	-0.47065356422110227
1107	10-11	-0.4647827923375445
1107	12-13	-0.46947702209401854
1107	14-15	-0.6406438579806135
1107	16-17	-0.6089982332271973
1107	18-19	-0.5064264341060181
1107	20-21	-0.5976189831270275
1107	22-23	-0.58703079301808
1107	24-25	-0.6591366168105921
1107	26-27	-0.7792174814672421
1107	28-29	-0.8019015499918964
1107	30-31	-0.8625067672390472
1107	32-33	3.2349831992536338
1107	34-35	0.117657309164656
1107	36-37	-0.7187237244977567
1107	38-39	-1.0563220267076687
1107	40-41	-0.8379562842068822
1107	42-43	-0.8804331064596127
1107	44-45	-1.128896533505774
1107	46-47	-1.1214367632025173
1107	48-49	-0.961598372169469
1107	50-51	-0.8741438407790056
1107	52-53	-0.9441503583112834
1107	54-55	-0.8341886020632145
1107	56-57	-0.9305518674949695
1107	58-59	-1.062026814113807
1107	60-61	-0.919407722418434
1107	62-63	-0.9212877774855102
1107	64-65	-1.0870439563424696
1107	66-67	-1.3411745098381118
1107	68-69	-1.325283120831692
1107	70-71	-1.5299895513778452
1107	72-73	-1.5582446533853656
1107	74-75	-1.6392047595928787
1107	76-77	-1.840552030030345
1107	78-79	-1.778940834818691
1107	80-81	-1.5659092946261772
1107	82-83	-1.4233074090401558
1107	84-85	-1.4529375406789526
1107	86-87	-1.4514240977852495
1107	88-89	-1.393032311259855
1107	90-91	-1.48644620460513
1107	92-93	-1.4622866573961204
1107	94-95	-1.4517198990772506
1107	96-97	-1.6190894245422278
1107	98-99	-1.6149260171289974
1107	100-101	-1.7973154593650875
1108	1	-0.6034252703441005
1108	2	-0.5764187657396
1108	3	-0.6719741930118523
1108	4	-0.5220270326345045
1108	5	-0.6095438041609995
1108	6	-0.5539007060650007
1108	7	-0.5038675152774985
1108	8	-0.6483807919544162
1108	9	-0.8554899448935629
1108	10-11	-0.7847749109438098
1108	12-13	-0.7630968843538213
1108	14-15	-0.9120250060238675
1108	16-17	-0.9826381192130071
1108	18-19	-0.8853666133496958
1108	20-21	-0.8984132516475682
1108	22-23	-1.2106570558564584
1108	24-25	-1.2727836928495648
1108	26-27	-1.2840350029604721
1108	28-29	-1.191145404459725
1108	30-31	-1.235528611389178
1108	32-33	2.9819279626424446
1108	34-35	-0.17942799287012434
1108	36-37	-1.2203633649287084
1108	38-39	-1.3310415780854612
1108	40-41	-1.2523482030770978
1108	42-43	-1.142074028796273
1108	44-45	-1.2939231465798926
1108	46-47	-1.185188613954729
1108	48-49	-1.221634982598495
1108	50-51	-1.2444398334920237
1108	52-53	-1.322838748456789
1108	54-55	-1.273325431620684
1108	56-57	-1.296539087894331
1108	58-59	-1.510436599876897
1108	60-61	-1.693206853195619
1108	62-63	-1.6958845214820073
1108	64-65	-1.6853607020803452
1108	66-67	-1.7389328278447422
1108	68-69	-1.4997898266083283
1108	70-71	-1.423162764807124
1108	72-73	-1.45182380894083
1108	74-75	-1.5193396899317904
1108	76-77	-1.587254411730747
1108	78-79	-1.5391888223044674
1108	80-81	-1.646616705414388
1108	82-83	-1.7048453121560314
1108	84-85	-1.800676839310178
1108	86-87	-1.877743179607755
1108	88-89	-1.6937881935949868
1108	90-91	-1.70908930067041
1108	92-93	-1.8666409134118958
1108	94-95	-1.925581693782597
1108	96-97	-2.174151794886697
1108	98-99	-2.263685573417927
1108	100-101	-2.6420094083104395
1201	1	0.3698492832370128
1201	2	0.4296890279081147
1201	3	0.290251989875685
1201	4	0.31447596441389436
1201	5	0.31671499922699553
1201	6	0.24179545727346863
1201	7	0.446746055774085
1201	8	0.3959946147699256
1201	9	0.3168252435781369
1201	10-11	0.4350919191460747
1201	12-13	0.36193571895520193
1201	14-15	0.36836038241132485
1201	16-17	0.34717388601840327
1201	18-19	0.26915810638782034
1201	20-21	0.42165946436899304
1201	22-23	0.4435170122098526
1201	24-25	0.4628433311507294
1201	26-27	0.4489204196042067
1201	28-29	0.5216629223150164
1201	30-31	0.4314396434392478
1201	32-33	4.569183396705014
1201	34-35	1.5859580000095477
1201	36-37	0.7086451782897711
1201	38-39	0.5194555944273063
1201	40-41	0.6676771684301386
1201	42-43	0.6239894252906382
1201	44-45	0.48054402071669244
1201	46-47	0.45287512975372834
1201	48-49	0.39931833493162117
1201	50-51	0.48786432834116766
1201	52-53	0.44918932102813613
1201	54-55	0.6219295572804029
1201	56-57	0.6822246709809718
1201	58-59	0.6397240046188912
1201	60-61	0.613914737604695
1201	62-63	0.5963821290714648
1201	64-65	0.526971410046869
1201	66-67	0.5630881359441133
1201	68-69	0.46217570331535285
1201	70-71	0.5373713006247769
1201	72-73	0.5814905006195517
1201	74-75	0.6729973068327126
1201	76-77	0.5998180369554547
1201	78-79	0.6808575676094364
1201	80-81	0.7024294385179886
1201	82-83	0.6284414161468632
1201	84-85	0.5062881356304914
1201	86-87	0.3861426595352313
1201	88-89	0.4565904852012217
1201	90-91	0.5452874624436781
1201	92-93	0.5521873033238229
1201	94-95	0.6215021647993879
1201	96-97	0.6203696128387328
1201	98-99	0.4215309293180347
1201	100-101	0.36935777801815917
1202	1	0.35073602121668657
1202	2	0.38984826027488495
1202	3	0.2911476800043289
1202	4	0.3183748140671696
1202	5	0.24238536976120173
1202	6	0.22433614676457125
1202	7	0.45209985723424495
1202	8	0.31023641194800433
1202	9	0.24292144537599114
1202	10-11	0.3038064619265839
1202	12-13	0.26514019401314215
1202	14-15	0.31209378927827913
1202	16-17	0.28134208637054314
1202	18-19	0.410364047017616
1202	20-21	0.39060746806332247
1202	22-23	0.37983176833571264
1202	24-25	0.34559891120182584
1202	26-27	0.32139705413234054
1202	28-29	0.3316347577659684
1202	30-31	0.32777799568903987
1202	32-33	4.46728029489708
1202	34-35	1.5095301515278976
1202	36-37	0.6642580492827364
1202	38-39	0.5057752028020275
1202	40-41	0.6008225507751135
1202	42-43	0.6469057703914274
1202	44-45	0.5084516748475281
1202	46-47	0.26557941829398146
1202	48-49	0.34115302468797637
1202	50-51	0.455489592036983
1202	52-53	0.30696997894210654
1202	54-55	0.47713429128910434
1202	56-57	0.4865739486084948
1202	58-59	0.5871837708138088
1202	60-61	0.5896479412990132
1202	62-63	0.5429295318664416
1202	64-65	0.5301239855794222
1202	66-67	0.5795150407280261
1202	68-69	0.6246192327168885
1202	70-71	0.6305294390492335
1202	72-73	0.7065987912501512
1202	74-75	0.7821537681215602
1202	76-77	0.7182736134749703
1202	78-79	0.7464554260396383
1202	80-81	0.6902260696324092
1202	82-83	0.7191215344268755
1202	84-85	0.6376229148442434
1202	86-87	0.687482881370844
1202	88-89	0.6876119866928398
1202	90-91	0.7398374542773674
1202	92-93	0.7928731350957854
1202	94-95	0.8436330755444246
1202	96-97	0.8487510154693005
1202	98-99	0.9513262350150846
1202	100-101	1.0448001396047992
1203	1	0.2195083181194306
1203	2	0.19303586880023715
1203	3	0.13149551756531253
1203	4	0.2598697933148202
1203	5	0.16447281868890684
1203	6	0.18873297855682836
1203	7	0.3272964503954725
1203	8	0.21813492659475742
1203	9	0.19743732276398163
1203	10-11	0.2117289814860328
1203	12-13	0.16868961427871199
1203	14-15	0.20553261473919093
1203	16-17	0.17206104304165137
1203	18-19	0.2646717897474531
1203	20-21	0.19435688333097545
1203	22-23	0.14481307852774705
1203	24-25	0.14061097363899933
1203	26-27	0.18053224646937593
1203	28-29	0.2135074533657928
1203	30-31	0.2434420631451033
1203	32-33	4.318337685767162
1203	34-35	1.3845696644462109
1203	36-37	0.5726723121038901
1203	38-39	0.4250495477789116
1203	40-41	0.43058096668931256
1203	42-43	0.35943991154624655
1203	44-45	0.18829162548146172
1203	46-47	0.176802331878271
1203	48-49	0.30984827370642876
1203	50-51	0.27586710489045174
1203	52-53	0.2532066216593023
1203	54-55	0.34181994168981333
1203	56-57	0.26115980177793574
1203	58-59	0.24644540829189765
1203	60-61	0.25973883946636533
1203	62-63	-0.07615106919466541
1203	64-65	-0.1372081090246553
1203	66-67	-0.14763501630017117
1203	68-69	0.12163019382581552
1203	70-71	0.3268328896802828
1203	72-73	0.37294032740889804
1203	74-75	0.38445294975723243
1203	76-77	0.383248156821125
1203	78-79	0.29725483100440186
1203	80-81	0.014754976982317203
1203	82-83	0.06295813299170305
1203	84-85	0.1315677650923135
1203	86-87	-0.0686352232236409
1203	88-89	0.3343746096986884
1203	90-91	0.44125843650315133
1203	92-93	0.5023098851658574
1203	94-95	0.4138111926633563
1203	96-97	0.4741108696928187
1203	98-99	0.6328478006950924
1203	100-101	0.7102726855147878
1204	1	0.13333786729366182
1204	2	0.19316604131515192
1204	3	0.09927308113316968
1204	4	0.18797774576872683
1204	5	0.078719646881801
1204	6	0.08244335139445269
1204	7	0.2327131708369663
1204	8	0.09126855375218668
1204	9	0.02635938384019454
1204	10-11	0.09923860813632501
1204	12-13	0.06882563394764674
1204	14-15	0.021422590518653806
1204	16-17	0.01337343632430077
1204	18-19	0.13312987315150338
1204	20-21	0.10073952923356444
1204	22-23	-0.013640795085507307
1204	24-25	0.030440397533688213
1204	26-27	0.022740773199458886
1204	28-29	0.049131167446013535
1204	30-31	0.10552195833968625
1204	32-33	4.153788008502261
1204	34-35	1.146555065796008
1204	36-37	0.3375391663266072
1204	38-39	0.19615590080705658
1204	40-41	0.21623124923313952
1204	42-43	0.23462656335879473
1204	44-45	0.15491559249101527
1204	46-47	0.036051881461837354
1204	48-49	0.14373253807426778
1204	50-51	0.14716677067756478
1204	52-53	-0.0628999061255584
1204	54-55	0.07936787814458057
1204	56-57	0.19795621910527927
1204	58-59	0.24563815100475495
1204	60-61	0.16351724805061707
1204	62-63	0.23548412655604523
1204	64-65	0.34277853887422793
1204	66-67	0.32011028319538326
1204	68-69	0.3248972702443922
1204	70-71	0.2908623023929877
1204	72-73	0.31012946967895516
1204	74-75	0.4166130782555655
1204	76-77	0.37155646175417445
1204	78-79	0.4104874521524451
1204	80-81	0.30432206443853715
1204	82-83	0.4157993853427797
1204	84-85	0.42698995366293957
1204	86-87	0.40053095216093837
1204	88-89	0.4817539079215365
1204	90-91	0.4590377074066545
1204	92-93	0.42580460382773566
1204	94-95	0.5266800702825876
1204	96-97	0.5128501007223356
1204	98-99	0.5438621797404899
1204	100-101	0.5376133019738951
1205	1	0.019702615196056428
1205	2	0.06352240564282141
1205	3	-0.02008480325975981
1205	4	0.08988846080008983
1205	5	-0.019163635205835305
1205	6	-0.06126165425186514
1205	7	0.1475151140880584
1205	8	0.03990598506054255
1205	9	-0.04067809159829494
1205	10-11	-0.05244737502795971
1205	12-13	-0.020197750558757832
1205	14-15	-0.06665718753673389
1205	16-17	-0.13295735866266511
1205	18-19	-0.05409622142952486
1205	20-21	-0.11592315620554672
1205	22-23	-0.13047297207131692
1205	24-25	-0.12844499538888243
1205	26-27	-0.15112029864921794
1205	28-29	-0.15460536162722605
1205	30-31	-0.08073791936921992
1205	32-33	4.01964347979726
1205	34-35	1.082491413267661
1205	36-37	0.23471300296682784
1205	38-39	0.07584404385900712
1205	40-41	0.05160028609078182
1205	42-43	0.07561222374791043
1205	44-45	0.0248048012145361
1205	46-47	0.04105408503632901
1205	48-49	0.011557628327629743
1205	50-51	0.07621040567044446
1205	52-53	-0.10066932615534796
1205	54-55	-0.013650532927876213
1205	56-57	-0.007180430673081162
1205	58-59	-0.03597695436301507
1205	60-61	0.029154926013156057
1205	62-63	0.11004996766920527
1205	64-65	0.11531606002093042
1205	66-67	0.07987890361894756
1205	68-69	0.13773664284693865
1205	70-71	0.19913424282433567
1205	72-73	0.2495675496502443
1205	74-75	0.26304998446212835
1205	76-77	0.162212670682635
1205	78-79	0.30567841877535784
1205	80-81	0.2862201899876382
1205	82-83	0.26723337232334643
1205	84-85	0.2902498801324995
1205	86-87	0.243310122989584
1205	88-89	0.2423204256274829
1205	90-91	0.2600138214442147
1205	92-93	0.2346602790920258
1205	94-95	0.2528714545772317
1205	96-97	0.31766947403616186
1205	98-99	0.32600938888620234
1205	100-101	0.28818590591857784
1206	1	-0.219869732384268
1206	2	-0.0913905231054919
1206	3	-0.15338225530596006
1206	4	-0.019699223341241634
1206	5	-0.181830769185936
1206	6	-0.14658859623543918
1206	7	-0.022779017584419137
1206	8	-0.20319778266123478
1206	9	-0.26937960993274146
1206	10-11	-0.23449912042622145
1206	12-13	-0.2662220774339161
1206	14-15	-0.33664475345508293
1206	16-17	-0.36144081284346896
1206	18-19	-0.29103453109888733
1206	20-21	-0.3370987631335254
1206	22-23	-0.3655130238601032
1206	24-25	-0.35413041522824784
1206	26-27	-0.3525559281855948
1206	28-29	-0.26830766894671854
1206	30-31	-0.2612209220212378
1206	32-33	3.771039487110073
1206	34-35	0.8516637503711664
1206	36-37	0.037674820657635166
1206	38-39	-0.2236769198176063
1206	40-41	-0.23737463516298618
1206	42-43	-0.2611738066263598
1206	44-45	-0.4761552100341433
1206	46-47	-0.36766210379266084
1206	48-49	-0.2692541491875957
1206	50-51	-0.2992116509085747
1206	52-53	-0.37768597379945135
1206	54-55	-0.33070159768948315
1206	56-57	-0.35064958831020476
1206	58-59	-0.2970714753167272
1206	60-61	-0.2179331657617709
1206	62-63	-0.25911472170128746
1206	64-65	-0.16289891380356636
1206	66-67	-0.22335676188885145
1206	68-69	-0.2396510196190249
1206	70-71	-0.19334325461802138
1206	72-73	-0.23445140747599424
1206	74-75	-0.245778425282019
1206	76-77	-0.3505481932566461
1206	78-79	-0.23164491167508316
1206	80-81	-0.2628883155953332
1206	82-83	-0.23339627742243607
1206	84-85	-0.26949973245268666
1206	86-87	-0.3271155901534186
1206	88-89	-0.34551162728439166
1206	90-91	-0.4620534939280887
1206	92-93	-0.5175223622733363
1206	94-95	-0.5479067649528879
1206	96-97	-0.5385314210253647
1206	98-99	-0.6585275900489371
1206	100-101	-0.8397954186145142
1207	1	-0.2986662354250633
1207	2	-0.32203350976477907
1207	3	-0.3377204381090557
1207	4	-0.11724336305523053
1207	5	-0.23849365385085264
1207	6	-0.29090794273935217
1207	7	-0.15224311131274249
1207	8	-0.2758848520676551
1207	9	-0.3756835646632055
1207	10-11	-0.30580881101082724
1207	12-13	-0.3475768331769089
1207	14-15	-0.46087780433861525
1207	16-17	-0.5566451933986656
1207	18-19	-0.44014494002342275
1207	20-21	-0.4393834928073588
1207	22-23	-0.5280831918262407
1207	24-25	-0.5840609314338323
1207	26-27	-0.7372113932134283
1207	28-29	-0.7623724345300573
1207	30-31	-0.7886682420340705
1207	32-33	3.1893567394861435
1207	34-35	0.12988350251765013
1207	36-37	-0.6936699746489197
1207	38-39	-0.9614060969786422
1207	40-41	-0.8668110386840269
1207	42-43	-0.7149251811900257
1207	44-45	-0.9152906905773506
1207	46-47	-0.9791777304958629
1207	48-49	-0.968792880864946
1207	50-51	-0.7285974138817792
1207	52-53	-0.9025020769200509
1207	54-55	-0.9061521443469829
1207	56-57	-1.1170310247532456
1207	58-59	-1.304106347898859
1207	60-61	-1.1630622904681687
1207	62-63	-1.1918183885866682
1207	64-65	-1.346309214994342
1207	66-67	-1.6858199361087216
1207	68-69	-1.7061431088089805
1207	70-71	-1.7737876565206676
1207	72-73	-1.8741896304346284
1207	74-75	-1.900635805251298
1207	76-77	-2.0764121128281587
1207	78-79	-1.9886822550461005
1207	80-81	-1.9631685103949508
1207	82-83	-2.0418314574791125
1207	84-85	-2.0917361367116136
1207	86-87	-2.085530772043228
1207	88-89	-2.0998289269290247
1207	90-91	-2.0944079274041023
1207	92-93	-2.195189976931953
1207	94-95	-2.326862753515318
1207	96-97	-2.4263543256666544
1207	98-99	-2.4382519836043848
1207	100-101	-2.696360679326034
1208	1	-0.6249598653664385
1208	2	-0.9662103104293429
1208	3	-0.706749747757268
1208	4	-1.2835856708221343
1208	5	-0.8583335164420092
1208	6	-0.7441989433554781
1208	7	-0.9550329521407406
1208	8	-0.7631062858050157
1208	9	-0.8190088005533624
1208	10-11	-0.6872789981374154
1208	12-13	-0.5767119966990393
1208	14-15	-0.8201008199849085
1208	16-17	-0.7265321012914399
1208	18-19	-0.9145947375353245
1208	20-21	-0.9618086803048342
1208	22-23	-1.0070558453322604
1208	24-25	-0.9039011900857119
1208	26-27	-1.0398038530087277
1208	28-29	-1.043548596090318
1208	30-31	-0.9730164140565805
1208	32-33	3.0536822320843697
1208	34-35	0.049982362532503544
1208	36-37	-0.8648758439119177
1208	38-39	-1.030117998330951
1208	40-41	-1.1213310286578562
1208	42-43	-1.2344680046859864
1208	44-45	-1.2924558616960908
1208	46-47	-1.3084871424862072
1208	48-49	-1.3315127846882362
1208	50-51	-1.275516504843445
1208	52-53	-1.5278477228567837
1208	54-55	-1.4649456176884854
1208	56-57	-1.5615686952107382
1208	58-59	-1.4713950331590482
1208	60-61	-1.75003647771576
1208	62-63	-1.8341926460507523
1208	64-65	-1.9309346395762077
1208	66-67	-1.8494701615189868
1208	68-69	-1.8439027671714499
1208	70-71	-1.6839421931271161
1208	72-73	-1.7573094615546268
1208	74-75	-1.7886164853115645
1208	76-77	-1.8558843326790964
1208	78-79	-1.8249871170617524
1208	80-81	-1.829128333515385
1208	82-83	-1.914877973332672
1208	84-85	-2.1091744302640443
1208	86-87	-2.087021625148509
1208	88-89	-2.129336216217407
1208	90-91	-2.1217890007725906
1208	92-93	-2.225310329455649
1208	94-95	-2.35966870994784
1208	96-97	-2.4864174321662773
1208	98-99	-2.7106660113865324
1208	100-101	-3.1331679124077816
1301	1	0.5138380448694448
1301	2	0.5432097014239154
1301	3	0.5050870891268815
1301	4	0.47521726297460276
1301	5	0.4119307924495459
1301	6	0.3651046645549769
1301	7	0.5282148218923197
1301	8	0.4757701962345138
1301	9	0.545699111560161
1301	10-11	0.5336115204767253
1301	12-13	0.4424450719469277
1301	14-15	0.649229285688719
1301	16-17	0.6691196267758599
1301	18-19	0.7594322180809385
1301	20-21	0.6445229904266014
1301	22-23	0.7150019700200829
1301	24-25	0.58012504725491
1301	26-27	0.671444675425164
1301	28-29	0.6976229127618296
1301	30-31	0.702399748967828
1301	32-33	4.751428554068653
1301	34-35	1.866654151091545
1301	36-37	1.0086185446934905
1301	38-39	0.825384364509226
1301	40-41	0.8795591810587879
1301	42-43	0.9189784835615313
1301	44-45	0.7219835417947422
1301	46-47	0.7286407660077074
1301	48-49	0.6438382280853787
1301	50-51	0.7835402753387299
1301	52-53	0.8666028489299293
1301	54-55	0.9408888576774004
1301	56-57	0.9787983366710336
1301	58-59	0.9232515326953461
1301	60-61	0.9334825558225717
1301	62-63	0.9212648611225163
1301	64-65	1.035316310411325
1301	66-67	1.0696802965938943
1301	68-69	1.069858575983936
1301	70-71	0.9141293368993146
1301	72-73	0.8960308578043552
1301	74-75	1.0401597227343586
1301	76-77	0.9987377262333723
1301	78-79	1.127540302120238
1301	80-81	1.0668921734697179
1301	82-83	1.1201383482932954
1301	84-85	1.0747819766628908
1301	86-87	1.0229688456293253
1301	88-89	0.8862970540962003
1301	90-91	1.1173382950512654
1301	92-93	1.1171587874313076
1301	94-95	1.172106620603543
1301	96-97	1.2051872752462067
1301	98-99	1.2192483403392096
1301	100-101	1.389577467528941
1302	1	0.44520112242214793
1302	2	0.4904630189213286
1302	3	0.4045358236216927
1302	4	0.3896251278412848
1302	5	0.3349175550349983
1302	6	0.3560554276359582
1302	7	0.5584505003700428
1302	8	0.43128083266359596
1302	9	0.42503708810884433
1302	10-11	0.4072925712184343
1302	12-13	0.36789102383158223
1302	14-15	0.42879646820195916
1302	16-17	0.45789236785931564
1302	18-19	0.5435271816025846
1302	20-21	0.5530299084972583
1302	22-23	0.5074257315142106
1302	24-25	0.5440833098731943
1302	26-27	0.5531042037876759
1302	28-29	0.5883851058380642
1302	30-31	0.6106435821828953
1302	32-33	4.649802985386522
1302	34-35	1.6701396875451735
1302	36-37	0.8672593335755678
1302	38-39	0.705060724968618
1302	40-41	0.7611115633644587
1302	42-43	0.7750169150762218
1302	44-45	0.6541122164677873
1302	46-47	0.5607931202249645
1302	48-49	0.5131013959597439
1302	50-51	0.6180486209420977
1302	52-53	0.48958134274417375
1302	54-55	0.6458524039266251
1302	56-57	0.6764623527698177
1302	58-59	0.7291378076559525
1302	60-61	0.6595990711542683
1302	62-63	0.7085487535118702
1302	64-65	0.8199271618178585
1302	66-67	0.9106736482894462
1302	68-69	0.9194689524419175
1302	70-71	0.867551866113196
1302	72-73	0.8834846622090069
1302	74-75	0.9724994866172949
1302	76-77	1.0111544933147627
1302	78-79	0.9266612502555347
1302	80-81	0.8900514412777838
1302	82-83	0.8730955705780872
1302	84-85	0.8863819248946498
1302	86-87	0.8893792994070431
1302	88-89	0.8482791595937123
1302	90-91	0.9447889102995184
1302	92-93	0.9133478351840942
1302	94-95	1.058280838824409
1302	96-97	1.097536255957099
1302	98-99	1.1123137266124736
1302	100-101	1.2726020062737042
1303	1	0.20013129749424508
1303	2	0.2795093117934506
1303	3	0.18331322628390012
1303	4	0.3103919331590461
1303	5	0.26362818444258096
1303	6	0.2313891430185251
1303	7	0.3985199140048721
1303	8	0.31792034915864065
1303	9	0.2872556614203532
1303	10-11	0.29867037174440725
1303	12-13	0.30177024955621334
1303	14-15	0.36990954807831145
1303	16-17	0.3061004238971421
1303	18-19	0.44554778005257845
1303	20-21	0.43720518114098894
1303	22-23	0.353590060466189
1303	24-25	0.37921298290924454
1303	26-27	0.4632315919672436
1303	28-29	0.4978505795505086
1303	30-31	0.505159171272787
1303	32-33	4.551623677105859
1303	34-35	1.4975235627210353
1303	36-37	0.7626492255421056
1303	38-39	0.5993560787992891
1303	40-41	0.5713652577230661
1303	42-43	0.5431497961737506
1303	44-45	0.45791737932711385
1303	46-47	0.261385689015718
1303	48-49	0.3934448573760747
1303	50-51	0.444576111963201
1303	52-53	0.3919575715639283
1303	54-55	0.5265219793446789
1303	56-57	0.5646502233983526
1303	58-59	0.3992699505550874
1303	60-61	0.17112458379514806
1303	62-63	0.1750154121310814
1303	64-65	0.14967552055161093
1303	66-67	0.23105499938631624
1303	68-69	0.5575269759629151
1303	70-71	0.5882427891168405
1303	72-73	0.6109629989993266
1303	74-75	0.6676397218369701
1303	76-77	0.6553548042452775
1303	78-79	0.5305672855508305
1303	80-81	0.46812726739250365
1303	82-83	0.28850013884633796
1303	84-85	0.29621189977154927
1303	86-87	0.37262751974505903
1303	88-89	0.581272812278474
1303	90-91	0.7815375712200527
1303	92-93	0.8641378188117166
1303	94-95	0.8998998583305955
1303	96-97	0.897649117295817
1303	98-99	0.9439120625929576
1303	100-101	1.104026148631096
1304	1	0.20830523516848842
1304	2	0.26892033814700156
1304	3	0.16685142351510507
1304	4	0.2568996802276189
1304	5	0.1655155340469392
1304	6	0.18448683972244595
1304	7	0.3485287852062626
1304	8	0.21487594186147163
1304	9	0.21222522896360374
1304	10-11	0.20217225136143213
1304	12-13	0.11588151328052021
1304	14-15	0.1385892702965421
1304	16-17	0.08680718215410366
1304	18-19	0.18984626942017258
1304	20-21	0.23974155413932152
1304	22-23	0.24405899509146423
1304	24-25	0.2826982299670817
1304	26-27	0.2939238630061425
1304	28-29	0.2938893310773878
1304	30-31	0.2821433567905345
1304	32-33	4.330022708496628
1304	34-35	1.289098104266067
1304	36-37	0.5877385621058835
1304	38-39	0.2902285140015408
1304	40-41	0.34103959695426767
1304	42-43	0.3803015504599685
1304	44-45	0.38598494378718584
1304	46-47	0.38879285211738335
1304	48-49	0.27461727887587983
1304	50-51	0.3956729974518609
1304	52-53	0.24740109656003995
1304	54-55	0.38462248378096575
1304	56-57	0.4121477020573536
1304	58-59	0.42982115227135154
1304	60-61	0.37610466054370306
1304	62-63	0.39373759476151093
1304	64-65	0.5066176505355031
1304	66-67	0.5566070842087356
1304	68-69	0.5227831484772807
1304	70-71	0.5250845328687745
1304	72-73	0.5026130859615634
1304	74-75	0.6185030124055686
1304	76-77	0.5726505874110188
1304	78-79	0.6373333313990344
1304	80-81	0.6947730344568086
1304	82-83	0.7088816961832549
1304	84-85	0.7342445729097093
1304	86-87	0.6972242433795941
1304	88-89	0.6998281362466265
1304	90-91	0.7722590220683401
1304	92-93	0.7491013711590249
1304	94-95	0.8055588466272283
1304	96-97	0.7391480669992738
1304	98-99	0.812723269132757
1304	100-101	0.9546550796582558
1305	1	0.06330586849378506
1305	2	0.15327406915927355
1305	3	0.07639335047326057
1305	4	0.13623042763822468
1305	5	0.06095489051804037
1305	6	0.019942103300529368
1305	7	0.19946628407387834
1305	8	0.030424605974282315
1305	9	0.01879985408953644
1305	10-11	0.059606582292680343
1305	12-13	-0.005118007987114481
1305	14-15	0.0046424975086836184
1305	16-17	-0.030711204386122404
1305	18-19	0.07955697329143874
1305	20-21	-0.04981121544147982
1305	22-23	0.036208098980473835
1305	24-25	0.009161050356510714
1305	26-27	-0.035762400548534856
1305	28-29	0.05543603319646451
1305	30-31	0.10514776900408407
1305	32-33	4.14154338204942
1305	34-35	1.1397518981964652
1305	36-37	0.38907676590660145
1305	38-39	0.1518219905068321
1305	40-41	0.11542096923402312
1305	42-43	0.14412614937600665
1305	44-45	0.1314341547082094
1305	46-47	0.1382385402964843
1305	48-49	0.09307925586090704
1305	50-51	0.18209871911415831
1305	52-53	0.123366080764022
1305	54-55	0.10498835192445455
1305	56-57	0.11077031530135883
1305	58-59	0.20625346744174777
1305	60-61	0.1903461473949406
1305	62-63	0.24867315872715068
1305	64-65	0.3010848842808258
1305	66-67	0.2977309665198291
1305	68-69	0.3490494163123685
1305	70-71	0.30810116928294207
1305	72-73	0.3605274181621425
1305	74-75	0.3833176408579959
1305	76-77	0.2730134621589855
1305	78-79	0.3754963998633656
1305	80-81	0.40571587159839595
1305	82-83	0.5093885897677808
1305	84-85	0.4989976724287004
1305	86-87	0.5038023367826909
1305	88-89	0.4130783696918847
1305	90-91	0.48927082209823425
1305	92-93	0.5135101448381185
1305	94-95	0.5060105412467948
1305	96-97	0.39203291835243803
1305	98-99	0.3554194161963373
1305	100-101	0.3787177285992094
1306	1	-0.17406528818584377
1306	2	-0.11638617331150414
1306	3	-0.20129802168154143
1306	4	-0.021764265342056888
1306	5	-0.1441985239817285
1306	6	-0.19362966041288843
1306	7	1.4465850046718742E-4
1306	8	-0.16758166754862458
1306	9	-0.1753292097965371
1306	10-11	-0.15384964984188798
1306	12-13	-0.16269313356755077
1306	14-15	-0.26195324221575333
1306	16-17	-0.24310586496157782
1306	18-19	-0.1424825469077149
1306	20-21	-0.1403052239665712
1306	22-23	-0.14319404156878335
1306	24-25	-0.11595603561115553
1306	26-27	-0.12109330930118745
1306	28-29	-0.1155479587936199
1306	30-31	-0.15112463038392576
1306	32-33	3.880842801588173
1306	34-35	0.9409562814764882
1306	36-37	0.11610331632238058
1306	38-39	-0.12244190249319331
1306	40-41	-0.14182237381870522
1306	42-43	-0.1929730378019272
1306	44-45	-0.2796981414127302
1306	46-47	-0.24622260186458078
1306	48-49	-0.2531019228894209
1306	50-51	-0.23757926598742074
1306	52-53	-0.35117633511683977
1306	54-55	-0.3031142859580953
1306	56-57	-0.21722231823795823
1306	58-59	-0.2603584143713462
1306	60-61	-0.24323176881852504
1306	62-63	-0.2995177676360683
1306	64-65	-0.16561146285862094
1306	66-67	-0.1512951928373596
1306	68-69	-0.23635585691003058
1306	70-71	-0.2671081149739578
1306	72-73	-0.2996031551390459
1306	74-75	-0.259157052519285
1306	76-77	-0.32763872291130625
1306	78-79	-0.2401417836754547
1306	80-81	-0.21047482501072778
1306	82-83	-0.23704428824697032
1306	84-85	-0.28635043714846375
1306	86-87	-0.22486847385559017
1306	88-89	-0.34716252328410135
1306	90-91	-0.29693011631849586
1306	92-93	-0.4016205921166467
1306	94-95	-0.4562969856788328
1306	96-97	-0.5301488271951449
1306	98-99	-0.6395386529941902
1306	100-101	-0.7292783584093989
1307	1	-0.2185092819139065
1307	2	-0.1696129724153721
1307	3	-0.21096422520158598
1307	4	-0.08126558741876977
1307	5	-0.19180147887100674
1307	6	-0.32408369736920406
1307	7	-0.22915511464677252
1307	8	-0.3290016559433724
1307	9	-0.39325612773647833
1307	10-11	-0.32517470637430534
1307	12-13	-0.40708839462752877
1307	14-15	-0.4857861126244032
1307	16-17	-0.5371675622794072
1307	18-19	-0.35596302678109737
1307	20-21	-0.40317989980822944
1307	22-23	-0.39243053269722594
1307	24-25	-0.5050778066290817
1307	26-27	-0.6391915371766004
1307	28-29	-0.6285502559232654
1307	30-31	-0.7086803122958756
1307	32-33	3.1549682540357296
1307	34-35	0.22176812968593396
1307	36-37	-0.5261712175509388
1307	38-39	-0.7951834741128749
1307	40-41	-0.7509378310217301
1307	42-43	-0.9310967473392822
1307	44-45	-0.9741836578597898
1307	46-47	-0.9642055992456591
1307	48-49	-1.0380760957878437
1307	50-51	-0.8418743573721272
1307	52-53	-1.0054180365920118
1307	54-55	-0.8593605783826632
1307	56-57	-1.0068045369457508
1307	58-59	-1.3215321722435718
1307	60-61	-1.2107662205965468
1307	62-63	-1.303532485915916
1307	64-65	-1.3254571595558815
1307	66-67	-1.871622111809117
1307	68-69	-1.7516209893676162
1307	70-71	-1.7380998748204064
1307	72-73	-1.797098686504789
1307	74-75	-1.8963470724027012
1307	76-77	-1.991928765524559
1307	78-79	-2.0376859019320364
1307	80-81	-2.002100822643463
1307	82-83	-1.9044434330949684
1307	84-85	-2.114011645976319
1307	86-87	-2.0719870575749795
1307	88-89	-2.211151315146889
1307	90-91	-2.1338138987150863
1307	92-93	-2.148526484533594
1307	94-95	-2.2196705923178044
1307	96-97	-2.4733485329680214
1307	98-99	-2.597223317653402
1307	100-101	-2.751727174179724
1308	1	-0.4178328029381717
1308	2	-0.5945984604209862
1308	3	-0.43293071233562586
1308	4	-0.4359462458152379
1308	5	-0.404597554129019
1308	6	-0.45751257913730115
1308	7	-0.39928776934102217
1308	8	-0.4529186785908337
1308	9	-0.5189399463314643
1308	10-11	-0.510327710382704
1308	12-13	-0.6614440998165136
1308	14-15	-0.7542743199156732
1308	16-17	-0.7246706941378278
1308	18-19	-0.7850047968049338
1308	20-21	-0.8213074635168667
1308	22-23	-0.7369473417549841
1308	24-25	-0.7006952253465144
1308	26-27	-0.6736333877190788
1308	28-29	-0.6713945980334728
1308	30-31	-0.7836229761564013
1308	32-33	3.130872782150199
1308	34-35	0.19595189005330127
1308	36-37	-0.6705433986657567
1308	38-39	-0.908583014955795
1308	40-41	-0.9713096973410629
1308	42-43	-0.9846446687205344
1308	44-45	-1.0627134310947568
1308	46-47	-0.9431063661392969
1308	48-49	-1.0045480668740439
1308	50-51	-0.882262536646472
1308	52-53	-1.1119746983507994
1308	54-55	-1.2807726133046131
1308	56-57	-1.2512073438714992
1308	58-59	-1.2838291398894626
1308	60-61	-1.396591321798418
1308	62-63	-1.4269602644907522
1308	64-65	-1.4032614612113221
1308	66-67	-1.48747998729813
1308	68-69	-1.3778476129321646
1308	70-71	-1.4422998901332562
1308	72-73	-1.3816482395051608
1308	74-75	-1.3853724041651816
1308	76-77	-1.4882479403005355
1308	78-79	-1.4263377441595821
1308	80-81	-1.3669866112183584
1308	82-83	-1.5323867564738407
1308	84-85	-1.5581181381480178
1308	86-87	-1.5290644769364405
1308	88-89	-1.5621507743002958
1308	90-91	-1.5784158547940557
1308	92-93	-1.8317536135996484
1308	94-95	-2.005028562451976
1308	96-97	-2.307907959066142
1308	98-99	-2.6296887411398018
1308	100-101	-2.9769387645034016
2101	1	0.5201779101135173
2101	2	0.5746158610870999
2101	3	0.4263719344770962
2101	4	0.4691442030234825
2101	5	0.409764752160811
2101	6	0.35123551156074484
2101	7	0.5610746494870682
2101	8	0.4454117843490195
2101	9	0.49559730686853953
2101	10-11	0.5277318709439527
2101	12-13	0.42527421428177803
2101	14-15	0.5477821739643147
2101	16-17	0.6153281601002618
2101	18-19	0.6588525320507443
2101	20-21	0.6489960716357785
2101	22-23	0.6626134361949596
2101	24-25	0.717358397643423
2101	26-27	0.7330891284582037
2101	28-29	0.7160555160661772
2101	30-31	0.7271764239213425
2101	32-33	4.68383928549018
2101	34-35	1.7280113034912787
2101	36-37	1.0432494790367173
2101	38-39	0.7563442337718342
2101	40-41	0.7887831301623578
2101	42-43	0.8581797423260724
2101	44-45	0.736281079966858
2101	46-47	0.7245703667520687
2101	48-49	0.8183332971153661
2101	50-51	0.8456300644144861
2101	52-53	0.9976170962540323
2101	54-55	0.8592955142261332
2101	56-57	0.91350130128356
2101	58-59	0.9135498234124597
2101	60-61	0.9928679203389734
2101	62-63	1.038325503640742
2101	64-65	1.0233458746613238
2101	66-67	1.0628400147816848
2101	68-69	1.0806307839296139
2101	70-71	1.0815352458202838
2101	72-73	1.0641306863566413
2101	74-75	1.1247373948302197
2101	76-77	1.1956591415389823
2101	78-79	1.0031607806753726
2101	80-81	1.045220775072771
2101	82-83	1.0774286507796234
2101	84-85	1.029862335359823
2101	86-87	1.0957171909337688
2101	88-89	1.0460227195899918
2101	90-91	1.0152610716141162
2101	92-93	1.094299009577746
2101	94-95	1.1246750364164129
2101	96-97	1.2102007647159532
2101	98-99	1.3469277880878003
2101	100-101	1.589167607205031
2102	1	0.46612008168962404
2102	2	0.47476400650116446
2102	3	0.39303416741130803
2102	4	0.3994025607777658
2102	5	0.30835111659785497
2102	6	0.30171927574001245
2102	7	0.5147206839193714
2102	8	0.3534151565294792
2102	9	0.3923449927259455
2102	10-11	0.4179766239500111
2102	12-13	0.3350128110389292
2102	14-15	0.4616147707035836
2102	16-17	0.4491803934642675
2102	18-19	0.556252225208496
2102	20-21	0.5223249041034919
2102	22-23	0.4294595024170462
2102	24-25	0.4518556454133176
2102	26-27	0.5073434828312315
2102	28-29	0.5230964170279222
2102	30-31	0.5579519763110952
2102	32-33	4.576021777083348
2102	34-35	1.682534197810618
2102	36-37	0.8157860522970708
2102	38-39	0.6232438038471741
2102	40-41	0.6458590016963868
2102	42-43	0.7086552099890113
2102	44-45	0.7327876571496219
2102	46-47	0.6829003063897261
2102	48-49	0.7123657016433143
2102	50-51	0.7056550142231472
2102	52-53	0.8617857333726917
2102	54-55	0.6829957046846076
2102	56-57	0.8518508511553193
2102	58-59	0.8347848222114536
2102	60-61	0.7971264364871686
2102	62-63	0.8445331784425321
2102	64-65	0.9451153774293317
2102	66-67	1.0019291186554042
2102	68-69	0.9971847230476243
2102	70-71	1.0036061355340422
2102	72-73	1.0222718458556628
2102	74-75	0.9916771472212673
2102	76-77	1.0675815499130294
2102	78-79	1.06529789099136
2102	80-81	1.068234350139015
2102	82-83	1.1243238799599666
2102	84-85	1.0158836333630177
2102	86-87	1.0834710213180223
2102	88-89	1.0773479579803116
2102	90-91	1.0990599056433972
2102	92-93	1.129435157169116
2102	94-95	1.1811013714756484
2102	96-97	1.263599574286939
2102	98-99	1.3734764303226719
2102	100-101	1.653536507163821
2103	1	0.3171142934532938
2103	2	0.36266566378875
2103	3	0.30762514077880354
2103	4	0.3422935782883769
2103	5	0.26530802822451705
2103	6	0.23081272686670928
2103	7	0.40593810199187175
2103	8	0.25670616768286436
2103	9	0.26884354816652944
2103	10-11	0.19774170296255988
2103	12-13	0.2622232466862684
2103	14-15	0.35275960989691413
2103	16-17	0.37553668836250154
2103	18-19	0.41651647721106855
2103	20-21	0.33419776215978203
2103	22-23	0.30496137383939015
2103	24-25	0.3669325587166483
2103	26-27	0.4213462809369446
2103	28-29	0.42435875703205284
2103	30-31	0.4704764479460124
2103	32-33	4.569061947709457
2103	34-35	1.5734372665665077
2103	36-37	0.7290424154416542
2103	38-39	0.5229505064900479
2103	40-41	0.6118619122177194
2103	42-43	0.5895882744688379
2103	44-45	0.6024065418115541
2103	46-47	0.5477866635318449
2103	48-49	0.61425936009352
2103	50-51	0.7060877624445965
2103	52-53	0.7866371702902626
2103	54-55	0.6317927471015068
2103	56-57	0.689705222349474
2103	58-59	0.7607968473918305
2103	60-61	0.7604669922843286
2103	62-63	0.5981090384490741
2103	64-65	0.5017253074695063
2103	66-67	0.6956343858406768
2103	68-69	0.8614850882345522
2103	70-71	0.9478297999761693
2103	72-73	1.0119829361730126
2103	74-75	1.0618073828623125
2103	76-77	1.1079180625336704
2103	78-79	1.0794505818512263
2103	80-81	0.8422486405286449
2103	82-83	0.8858318558200011
2103	84-85	0.9298352131640186
2103	86-87	1.004721732041908
2103	88-89	1.1171498031549554
2103	90-91	1.0778123551687067
2103	92-93	1.2151646607852804
2103	94-95	1.2549434731149915
2103	96-97	1.402192344398312
2103	98-99	1.511081584410089
2103	100-101	1.7292249611900488
2104	1	0.25006411902070624
2104	2	0.31386623870525554
2104	3	0.2285322865043824
2104	4	0.2841622042160594
2104	5	0.17761919807101378
2104	6	0.14885835072200848
2104	7	0.3064571144342878
2104	8	0.20173414607242535
2104	9	0.15497305293767738
2104	10-11	0.17907588427664223
2104	12-13	0.11253561548127067
2104	14-15	0.24628316928746585
2104	16-17	0.2112061324191501
2104	18-19	0.2788750542108289
2104	20-21	0.20811583883520512
2104	22-23	0.21335672180910592
2104	24-25	0.13529531986389287
2104	26-27	0.12444445349875366
2104	28-29	0.2115929884464407
2104	30-31	0.14827193891095192
2104	32-33	4.280674356362979
2104	34-35	1.3820043479440969
2104	36-37	0.5389815255811072
2104	38-39	0.41356950512364676
2104	40-41	0.4620150714049842
2104	42-43	0.3739921701373703
2104	44-45	0.4721239875079277
2104	46-47	0.4140858495622197
2104	48-49	0.37590232276721025
2104	50-51	0.49033574935752
2104	52-53	0.6489753267878271
2104	54-55	0.46913172842963036
2104	56-57	0.5390377742790946
2104	58-59	0.49294725918623783
2104	60-61	0.56645235130879
2104	62-63	0.6338167203514686
2104	64-65	0.6794205957407655
2104	66-67	0.7372223216579812
2104	68-69	0.7053427385570146
2104	70-71	0.7962038670944267
2104	72-73	0.8088958420622419
2104	74-75	0.7905494468605525
2104	76-77	0.8964177458668416
2104	78-79	0.8478145482655748
2104	80-81	0.943948130013105
2104	82-83	0.9187042104181131
2104	84-85	0.9040317009750112
2104	86-87	0.9627165030210172
2104	88-89	0.9737992515444738
2104	90-91	0.980133546464284
2104	92-93	1.0593574971655038
2104	94-95	1.0941631087321575
2104	96-97	1.17557011856913
2104	98-99	1.2754612540319705
2104	100-101	1.475522867940665
2105	1	0.09839374275282964
2105	2	0.1654964487934798
2105	3	0.12451595571319984
2105	4	0.17833814397194914
2105	5	0.09680882015509695
2105	6	0.060405215393636524
2105	7	0.19778356960210886
2105	8	0.047222284596223574
2105	9	0.004414073072716462
2105	10-11	0.06911250728725804
2105	12-13	0.007036149616872933
2105	14-15	-0.011276326471055143
2105	16-17	0.043543593068932296
2105	18-19	0.09496277247557572
2105	20-21	0.09534179361077832
2105	22-23	0.0664765437356607
2105	24-25	0.0426535855286474
2105	26-27	0.1475513842776337
2105	28-29	0.10950073135601457
2105	30-31	0.10891736175222633
2105	32-33	4.149547786444096
2105	34-35	1.1475727053810871
2105	36-37	0.3746804274312723
2105	38-39	0.17782534384391369
2105	40-41	0.2780001762555955
2105	42-43	0.2433218683911207
2105	44-45	0.31532446520726154
2105	46-47	0.30343200010543114
2105	48-49	0.339857561777265
2105	50-51	0.3514493263911973
2105	52-53	0.4444521299147013
2105	54-55	0.34836942326704445
2105	56-57	0.36280058554017103
2105	58-59	0.3744361988873024
2105	60-61	0.4243466395285864
2105	62-63	0.460171985291538
2105	64-65	0.4695114401826217
2105	66-67	0.5436422253196156
2105	68-69	0.5608449376286515
2105	70-71	0.5746365808885585
2105	72-73	0.5186309525661628
2105	74-75	0.49468961324320304
2105	76-77	0.6362224144776079
2105	78-79	0.6136664634855293
2105	80-81	0.682078232893268
2105	82-83	0.7262070748141056
2105	84-85	0.7678728514270148
2105	86-87	0.7796082294365121
2105	88-89	0.7614712633130374
2105	90-91	0.7192382318592472
2105	92-93	0.7642609417543689
2105	94-95	0.7804182746099713
2105	96-97	0.8804266363181057
2105	98-99	0.9865509311859775
2105	100-101	1.1210179606750756
2106	1	-0.052634725551605754
2106	2	0.05934219901817883
2106	3	-0.0329655941591227
2106	4	0.09314572605097737
2106	5	-0.09266142832537838
2106	6	-0.1400625932739743
2106	7	0.10824640433033039
2106	8	-0.07213091155999507
2106	9	-0.13914892960691105
2106	10-11	-0.04945465135249094
2106	12-13	-0.07078563117465109
2106	14-15	-0.11437625653918815
2106	16-17	-0.08090100368091413
2106	18-19	-0.1275944639234936
2106	20-21	-0.1640538969137637
2106	22-23	-0.09062274062616638
2106	24-25	-0.01688159163587244
2106	26-27	-0.09689622940560838
2106	28-29	-0.14063398237199465
2106	30-31	-0.18975621151994204
2106	32-33	3.9542342989470995
2106	34-35	0.9892287350820723
2106	36-37	0.07904016332342678
2106	38-39	-0.09182264944292484
2106	40-41	-0.07383527506038234
2106	42-43	-0.09850490344955176
2106	44-45	-0.027768432813850552
2106	46-47	0.032407794398544354
2106	48-49	-0.03742177489403531
2106	50-51	0.040421673680917536
2106	52-53	0.0835566878423819
2106	54-55	-0.02756643533867731
2106	56-57	-0.02126199057616418
2106	58-59	0.03604018270904419
2106	60-61	-0.06997207804985095
2106	62-63	-0.027611218191204046
2106	64-65	-0.0035248550690312186
2106	66-67	-0.20105753225139722
2106	68-69	-0.20072021658337746
2106	70-71	-0.09185126538928756
2106	72-73	-0.0644518954143436
2106	74-75	-0.05667818283834691
2106	76-77	0.04578025232979144
2106	78-79	0.007150289268551546
2106	80-81	-0.08976550322854848
2106	82-83	-0.0543345682448475
2106	84-85	-0.06819818871426264
2106	86-87	-0.18894447126898584
2106	88-89	-0.1367190443898103
2106	90-91	-0.1309946840115188
2106	92-93	-0.14317330048193
2106	94-95	-0.1294943190376472
2106	96-97	-0.11631044745871932
2106	98-99	-0.06472380832411417
2106	100-101	0.0025740709918160576
2107	1	-0.09733679987388655
2107	2	-0.07150583940418187
2107	3	-0.14776329883022754
2107	4	0.01939926789078328
2107	5	-0.09224452312045628
2107	6	-0.15476103068017721
2107	7	0.030152472470263092
2107	8	-0.0951258580691885
2107	9	-0.20224148432916422
2107	10-11	-0.19181630108242587
2107	12-13	-0.2420526085321839
2107	14-15	-0.2862940898440911
2107	16-17	-0.2834497722720357
2107	18-19	-0.205299470554678
2107	20-21	-0.18227715150989354
2107	22-23	-0.2604264797621738
2107	24-25	-0.5954211756903973
2107	26-27	-0.4893041978183703
2107	28-29	-0.46699344238150786
2107	30-31	-0.5386128794269496
2107	32-33	3.514721132254685
2107	34-35	0.4967599787461836
2107	36-37	-0.32221780085899354
2107	38-39	-0.4127666235399161
2107	40-41	-0.41592879593216736
2107	42-43	-0.39928427803107525
2107	44-45	-0.46931537226023323
2107	46-47	-0.6678113201861038
2107	48-49	-0.3750585004491853
2107	50-51	-0.4373658188159837
2107	52-53	-0.5194626874973451
2107	54-55	-0.40840863743201794
2107	56-57	-0.5554380852903691
2107	58-59	-0.668035634375947
2107	60-61	-0.4415014076931456
2107	62-63	-0.43926668284270676
2107	64-65	-0.6830364614528861
2107	66-67	-0.8940495077272601
2107	68-69	-0.9595152558983315
2107	70-71	-1.032958628462545
2107	72-73	-0.978724073855993
2107	74-75	-0.9859055038482296
2107	76-77	-0.9091619431059215
2107	78-79	-1.0935556475234947
2107	80-81	-0.9066573878964306
2107	82-83	-0.85682233862169
2107	84-85	-0.8051608793909679
2107	86-87	-0.7208332155298685
2107	88-89	-0.7724808841721362
2107	90-91	-0.7582280947430355
2107	92-93	-0.8246308365327373
2107	94-95	-0.8427541277156863
2107	96-97	-0.7871102525733953
2107	98-99	-0.7650885710648474
2107	100-101	-0.7755339588229297
2108	1	-0.6172778555227865
2108	2	-0.7818052045152264
2108	3	-0.44571601804047845
2108	4	-0.20522913105393314
2108	5	-0.2512677533974923
2108	6	-0.28115177522794
2108	7	-1.5796190673164787
2108	8	-0.6796962392475123
2108	9	-0.5344389096161706
2108	10-11	-0.4851436869635819
2108	12-13	-0.4562532994324897
2108	14-15	-0.662036203812228
2108	16-17	-0.6164147247825156
2108	18-19	-0.5066722073001202
2108	20-21	-0.6212087287378196
2108	22-23	-0.6603714021181801
2108	24-25	-0.6486054686525975
2108	26-27	-0.6574284592180817
2108	28-29	-0.6436171250736251
2108	30-31	-0.735256929537762
2108	32-33	3.305600447776328
2108	34-35	0.43351695041153704
2108	36-37	-0.4334563792707513
2108	38-39	-0.7322332349338865
2108	40-41	-0.6748572924305805
2108	42-43	-0.628231885850532
2108	44-45	-0.5956470831160985
2108	46-47	-0.48570048788209164
2108	48-49	-0.530714444390533
2108	50-51	-0.5197199032547033
2108	52-53	-0.4539680640329209
2108	54-55	-0.7278831788368265
2108	56-57	-0.7465285339906131
2108	58-59	-0.6753511504894689
2108	60-61	-1.0278711561253928
2108	62-63	-0.9080755589920955
2108	64-65	-0.9239464514985798
2108	66-67	-0.7996010182058058
2108	68-69	-0.7088321725985125
2108	70-71	-0.6546504800456674
2108	72-73	-0.5922952258990577
2108	74-75	-0.6460632763126881
2108	76-77	-0.5516297302936479
2108	78-79	-0.6913390938195576
2108	80-81	-0.7621592109413982
2108	82-83	-0.729243230546615
2108	84-85	-0.7213914893990783
2108	86-87	-0.7031745477208204
2108	88-89	-0.6260221220788615
2108	90-91	-0.7236106265696485
2108	92-93	-0.7592484201815672
2108	94-95	-0.8078369162666625
2108	96-97	-0.865608975643962
2108	98-99	-1.0908387424670636
2108	100-101	-1.1475251068778398
2201	1	0.3869250216386746
2201	2	0.3629055208625367
2201	3	0.40482938596387896
2201	4	0.4173935752069937
2201	5	0.37388463422696105
2201	6	0.35900736888569185
2201	7	-1.1447752281901558
2201	8	-0.10211765669059503
2201	9	0.2754018502698514
2201	10-11	0.4492507075577734
2201	12-13	0.41767245112342977
2201	14-15	0.5902457583919372
2201	16-17	0.6423795339335996
2201	18-19	0.7504209547294209
2201	20-21	0.6682447682800614
2201	22-23	0.670616143649724
2201	24-25	0.6505244523727072
2201	26-27	0.7106762505684117
2201	28-29	0.6513421903104231
2201	30-31	0.7259834730064512
2201	32-33	-18.691879840439572
2201	34-35	-4.262354517625383
2201	36-37	-0.32410342631198574
2201	38-39	0.5287832848171305
2201	40-41	0.7709276694016793
2201	42-43	0.8054426661674583
2201	44-45	0.7412634090861232
2201	46-47	0.7557975570725404
2201	48-49	0.615659870614671
2201	50-51	0.29016630214650974
2201	52-53	0.6337707533373518
2201	54-55	0.6240360076490745
2201	56-57	0.6089072435646443
2201	58-59	0.7460587230841895
2201	60-61	0.8324711006703254
2201	62-63	0.7036901007437493
2201	64-65	0.7315357099811308
2201	66-67	0.7370212450033264
2201	68-69	0.7206407493784255
2201	70-71	0.7582117257769241
2201	72-73	0.7321458427873324
2201	74-75	0.6862320021956805
2201	76-77	0.777691849665743
2201	78-79	0.7308260237718045
2201	80-81	0.5981980146071209
2201	82-83	0.5159717495304719
2201	84-85	0.5732053891495852
2201	86-87	0.5783552003009618
2201	88-89	0.6237938500724454
2201	90-91	0.5212317589703979
2201	92-93	0.622424611402522
2201	94-95	0.6073372365958924
2201	96-97	0.7220583321901621
2201	98-99	0.7440628464335219
2201	100-101	0.6691471267037592
2202	1	0.4348871960502336
2202	2	0.3226499352547627
2202	3	0.3255699900412452
2202	4	0.3852588310477074
2202	5	0.33385350719186135
2202	6	0.315209780023487
2202	7	0.5281744867995926
2202	8	0.36972249380311695
2202	9	0.37560340237490664
2202	10-11	0.4460947471506884
2202	12-13	0.416419630473861
2202	14-15	0.512488705456299
2202	16-17	0.47256993823420146
2202	18-19	0.555679866105578
2202	20-21	0.5835310029899574
2202	22-23	0.5303589638784985
2202	24-25	0.5641368891654466
2202	26-27	0.5054569010560357
2202	28-29	0.5296947109368375
2202	30-31	0.5880331064749456
2202	32-33	-18.794506583082693
2202	34-35	-4.461447846626861
2202	36-37	-0.4683189255784441
2202	38-39	0.4075733658349918
2202	40-41	0.689157743388563
2202	42-43	0.3785134341847112
2202	44-45	0.5595945404589244
2202	46-47	0.5784103373519756
2202	48-49	0.5840473459463098
2202	50-51	0.46462083763199047
2202	52-53	0.503277906008158
2202	54-55	0.5589623475099117
2202	56-57	0.6070105580670315
2202	58-59	0.5604569567539102
2202	60-61	0.5742424343908894
2202	62-63	0.5222670819316519
2202	64-65	0.6145766071636061
2202	66-67	0.7647274566169813
2202	68-69	0.6679096410697127
2202	70-71	0.6832587269965629
2202	72-73	0.6817949942097741
2202	74-75	0.7137448481586333
2202	76-77	0.7951595982377242
2202	78-79	0.6662741277973794
2202	80-81	0.7133391211764817
2202	82-83	0.6847834102114803
2202	84-85	0.6644342133468797
2202	86-87	0.6747843206311792
2202	88-89	0.7399988996533828
2202	90-91	0.733024094573949
2202	92-93	0.7326942127948151
2202	94-95	0.6426525938125636
2202	96-97	0.7836006470388881
2202	98-99	0.8055072623494759
2202	100-101	0.8995944469174084
2203	1	0.35239350174132866
2203	2	0.41728126083846107
2203	3	0.3134736830484002
2203	4	0.3500224886623471
2203	5	0.29039163264250334
2203	6	0.25981434622935495
2203	7	0.4331879863895125
2203	8	0.31413341572052644
2203	9	0.3283444100970243
2203	10-11	0.35420639154575895
2203	12-13	0.2802121832705282
2203	14-15	0.3301154661746537
2203	16-17	0.3252183417098138
2203	18-19	0.38273663598322116
2203	20-21	0.40699014503078956
2203	22-23	0.3725999101758788
2203	24-25	0.420745148268999
2203	26-27	0.429326091433353
2203	28-29	0.4798763528343244
2203	30-31	0.46576665026237407
2203	32-33	-18.892175181711202
2203	34-35	-4.707140200325625
2203	36-37	-0.6530560781030061
2203	38-39	0.2350220933764362
2203	40-41	0.5127501444929621
2203	42-43	0.524580728497611
2203	44-45	0.5927531758172293
2203	46-47	0.5143189565077719
2203	48-49	0.453032305199109
2203	50-51	0.4272645217375626
2203	52-53	0.5823518769618587
2203	54-55	0.48002595043531926
2203	56-57	0.4645077147015968
2203	58-59	0.558315829224675
2203	60-61	0.6454258289248003
2203	62-63	0.6714514145140313
2203	64-65	0.5517820005105989
2203	66-67	0.4711586949863289
2203	68-69	0.5440641554657333
2203	70-71	0.6500647169978606
2203	72-73	0.5949602811110211
2203	74-75	0.6197872206683357
2203	76-77	0.7117037014589016
2203	78-79	0.6587585391662287
2203	80-81	0.6179978388419372
2203	82-83	0.5440910570449375
2203	84-85	0.6313196212014098
2203	86-87	0.6482884017375703
2203	88-89	0.6259112205362349
2203	90-91	0.6739325747110279
2203	92-93	0.7367180049666331
2203	94-95	0.7990038779288895
2203	96-97	0.8963630174062835
2203	98-99	0.9593554784762652
2203	100-101	0.9726427555296553
2204	1	0.19085118299234338
2204	2	0.3053274376058859
2204	3	0.18306469463938413
2204	4	0.22595647160533616
2204	5	0.15148125691915482
2204	6	0.16932033836486937
2204	7	0.33760328826916464
2204	8	0.2512284679271275
2204	9	0.2127563271646835
2204	10-11	-0.37782472114668053
2204	12-13	0.06310659070058477
2204	14-15	0.18423871190127983
2204	16-17	0.22628948344041078
2204	18-19	0.3385957499005272
2204	20-21	0.31838474929747207
2204	22-23	0.25635617275834477
2204	24-25	0.2720999182911896
2204	26-27	0.21084830791943432
2204	28-29	0.2678921624612727
2204	30-31	0.26172241506399985
2204	32-33	-18.83417604877131
2204	34-35	-4.822319385706969
2204	36-37	-0.7588524538840176
2204	38-39	0.100557958503245
2204	40-41	-1.4380528843365923
2204	42-43	-0.7142962374208537
2204	44-45	0.14853680686011472
2204	46-47	0.2993396717367247
2204	48-49	0.34247707705287667
2204	50-51	0.34997911373781676
2204	52-53	0.3848204381538878
2204	54-55	0.32683063948690716
2204	56-57	0.3026472109740723
2204	58-59	0.3917020896535419
2204	60-61	0.4511545183538388
2204	62-63	0.4629299224380361
2204	64-65	0.4878636735448296
2204	66-67	0.5941249227717122
2204	68-69	0.4641344507800014
2204	70-71	0.5281147278089335
2204	72-73	0.5055450642038437
2204	74-75	0.4849001512833482
2204	76-77	0.5236857287470116
2204	78-79	0.4660919949765301
2204	80-81	0.5560655197459354
2204	82-83	0.6340646528124978
2204	84-85	0.6202940181388712
2204	86-87	0.6140938891670942
2204	88-89	0.5978387800670788
2204	90-91	0.5633326315134504
2204	92-93	0.5909651329753594
2204	94-95	0.6029971295067753
2204	96-97	0.6807149469136426
2204	98-99	0.7533696648819017
2204	100-101	0.8188786130296073
2205	1	0.11690529278939721
2205	2	0.2000098305221556
2205	3	0.11963683260412239
2205	4	0.19218774333485555
2205	5	0.12773171272196038
2205	6	0.10787285948675418
2205	7	0.26997749893966017
2205	8	0.1386516234259929
2205	9	0.1569555830664342
2205	10-11	0.15711573457163297
2205	12-13	0.10482106585234874
2205	14-15	0.09635239445294275
2205	16-17	0.12393642308899189
2205	18-19	0.24336291695055934
2205	20-21	0.15488824133628754
2205	22-23	0.13646198494400608
2205	24-25	0.1459419142898426
2205	26-27	0.11514201549571368
2205	28-29	0.15148599657226214
2205	30-31	0.16295412220825511
2205	32-33	-18.79755372890563
2205	34-35	-4.92716004833278
2205	36-37	-0.9045198037072382
2205	38-39	-0.01970327080232437
2205	40-41	0.2580929258220408
2205	42-43	0.3603602348177759
2205	44-45	0.3905263895932549
2205	46-47	0.3289580237655443
2205	48-49	0.3132976608127649
2205	50-51	0.17541079007440175
2205	52-53	0.17810630016420959
2205	54-55	0.16112729145684312
2205	56-57	0.14211763192570004
2205	58-59	0.2058039644294425
2205	60-61	0.21976002568269593
2205	62-63	0.3313250029914272
2205	64-65	0.372466298144829
2205	66-67	0.46038059317841373
2205	68-69	0.3349533510761802
2205	70-71	0.3322184323512474
2205	72-73	0.33336714791214916
2205	74-75	0.2980061615753442
2205	76-77	0.3173767654628392
2205	78-79	0.3543195240519168
2205	80-81	0.3830591995056025
2205	82-83	0.36712106054164195
2205	84-85	0.4459168320188276
2205	86-87	0.46849869227204266
2205	88-89	0.36348443703805344
2205	90-91	0.3902815653385723
2205	92-93	0.3389327420592103
2205	94-95	0.3367968167434441
2205	96-97	0.3950729729268794
2205	98-99	0.47959093307852285
2205	100-101	0.4765244807049491
2206	1	-0.206283711331249
2206	2	0.0061633922500128335
2206	3	-0.07338153791613777
2206	4	-1.607133285695845
2206	5	-0.48983394360281096
2206	6	-0.25574938746011355
2206	7	0.033027544447421064
2206	8	-0.03393424261930278
2206	9	-0.060119146940650126
2206	10-11	0.008559881409638592
2206	12-13	0.01592598826681524
2206	14-15	0.027066902518534164
2206	16-17	0.006987750939998705
2206	18-19	-2.040097699247262
2206	20-21	-1.1207705767462741
2206	22-23	-0.36903080486995776
2206	24-25	-0.10612338689749379
2206	26-27	-0.02707974796160073
2206	28-29	-0.06269055612322205
2206	30-31	-0.012820092547634943
2206	32-33	-24.41111154260191
2206	34-35	-6.4688905822555185
2206	36-37	-1.3548364116868115
2206	38-39	-0.21270825957092399
2206	40-41	0.056665489669178726
2206	42-43	0.1600499379709177
2206	44-45	0.132363404912617
2206	46-47	0.10602714689014192
2206	48-49	0.02663661367370196
2206	50-51	-0.11277612210881927
2206	52-53	-0.09401417888987851
2206	54-55	-0.08419441677683182
2206	56-57	-0.11567506841682018
2206	58-59	-0.011935157362479742
2206	60-61	0.022110877004770657
2206	62-63	-0.02675264790899945
2206	64-65	-0.049597479278190804
2206	66-67	-0.005075320303006947
2206	68-69	-0.1868428172611729
2206	70-71	-0.2339658103723039
2206	72-73	-0.31553913986326876
2206	74-75	-0.36790932730421844
2206	76-77	-0.30033067289709336
2206	78-79	-0.37868514880016235
2206	80-81	-0.3911683700842943
2206	82-83	-0.426298555114613
2206	84-85	-0.33433295179406386
2206	86-87	-0.311393771117487
2206	88-89	-0.3615918596493266
2206	90-91	-0.45294485309072385
2206	92-93	-0.39354567348684455
2206	94-95	-0.3858028660385884
2206	96-97	-0.35900902674978497
2206	98-99	-0.2633767999907768
2206	100-101	-0.32020690804956686
2207	1	-0.09712502908228515
2207	2	-0.050461511731288766
2207	3	-0.11857760727652078
2207	4	-0.17014605742613043
2207	5	-0.2641228349754243
2207	6	-0.21969604772088047
2207	7	-0.03705050756452266
2207	8	-0.1991191603964353
2207	9	-0.15706976397406436
2207	10-11	-0.10242984315992487
2207	12-13	-0.13433554811328463
2207	14-15	-0.16463227409129644
2207	16-17	-0.19011756853291928
2207	18-19	-0.12308238851628062
2207	20-21	-0.15571156542477382
2207	22-23	-0.2671717597302887
2207	24-25	-0.2976034447008544
2207	26-27	-0.42148503582586727
2207	28-29	-0.5542593261081095
2207	30-31	-0.5878615036870514
2207	32-33	-18.893754837289343
2207	34-35	-5.757990164627607
2207	36-37	-1.8987386274502782
2207	38-39	-0.9234720357907662
2207	40-41	-0.5783826962141774
2207	42-43	-0.5988188332533895
2207	44-45	-0.49478050057856393
2207	46-47	-0.6368425336410439
2207	48-49	-0.6160262297914585
2207	50-51	-0.4532830296356707
2207	52-53	-0.5033884188151134
2207	54-55	-0.7697296098677882
2207	56-57	-1.0118668703327245
2207	58-59	-1.140059356371566
2207	60-61	-0.8386135537438193
2207	62-63	-0.810783936035854
2207	64-65	-1.029913442524311
2207	66-67	-1.1960600170295876
2207	68-69	-1.4752624578910698
2207	70-71	-1.7661649939782649
2207	72-73	-1.8081932258908466
2207	74-75	-1.733565635968823
2207	76-77	-1.7365814608028245
2207	78-79	-1.754502064401123
2207	80-81	-1.637187609200538
2207	82-83	-1.5577305653774438
2207	84-85	-1.466337079292078
2207	86-87	-1.403020109613358
2207	88-89	-1.5297348540392868
2207	90-91	-1.5608542040748397
2207	92-93	-1.575087466653411
2207	94-95	-1.6452698255224192
2207	96-97	-1.7018437115139982
2207	98-99	-1.789662026123139
2207	100-101	-1.9390506636759675
2208	1	-0.39843707486507896
2208	2	-0.658476269625428
2208	3	-0.36007900575640406
2208	4	-0.2623146148568054
2208	5	-0.2937223562332676
2208	6	-0.2169048178896631
2208	7	-2.569632232062318
2208	8	-0.8757215507321732
2208	9	-0.6500904400795591
2208	10-11	-0.42436579912526184
2208	12-13	-0.4202234370087652
2208	14-15	-0.48888819486268886
2208	16-17	-0.46029440939921074
2208	18-19	-0.4626222683736927
2208	20-21	-0.49608454066426333
2208	22-23	-0.5315303925902768
2208	24-25	-0.517316348616383
2208	26-27	-0.5131810795473086
2208	28-29	-0.5781640202742224
2208	30-31	-0.6698159923073987
2208	32-33	-24.448446434144362
2208	34-35	-7.2223480605727595
2208	36-37	-2.2057329775648356
2208	38-39	-1.1445196450248716
2208	40-41	-0.8290643212702875
2208	42-43	-0.7392395283421749
2208	44-45	-0.6938797364184168
2208	46-47	-0.7670643094877434
2208	48-49	-0.8512013510781387
2208	50-51	-0.8541793670505129
2208	52-53	-1.0533260398449613
2208	54-55	-1.0679880538337798
2208	56-57	-1.0206288100186924
2208	58-59	-0.9332384489323076
2208	60-61	-1.2407157764136159
2208	62-63	-1.1645496238895703
2208	64-65	-1.2225787390393066
2208	66-67	-1.1567762167431113
2208	68-69	-1.2177136531891009
2208	70-71	-1.2844843818192473
2208	72-73	-1.3642675080321283
2208	74-75	-1.4406985125007878
2208	76-77	-1.452095289060665
2208	78-79	-1.5195337058902254
2208	80-81	-1.492802867267855
2208	82-83	-1.527943473669275
2208	84-85	-1.5271132649685057
2208	86-87	-1.4946577869403086
2208	88-89	-1.6071671876816218
2208	90-91	-1.638581815406713
2208	92-93	-1.7109109845285815
2208	94-95	-1.8177938001289036
2208	96-97	-1.893662435326977
2208	98-99	-1.9998088044149647
2208	100-101	-2.30360514110075
2301	1	-0.28136699633686746
2301	2	-1.2511824338895323
2301	3	-0.3556489737450299
2301	4	0.10934689003722298
2301	5	0.24171001703721373
2301	6	0.33754684592588546
2301	7	-1.7641300349949205
2301	8	-0.2820944561353613
2301	9	0.17647830486039595
2301	10-11	0.4566837994488395
2301	12-13	0.4591013160230588
2301	14-15	0.5759014531676598
2301	16-17	0.6202626866661376
2301	18-19	0.744124854837402
2301	20-21	0.7016159667662905
2301	22-23	0.6514070259010936
2301	24-25	0.634270563212489
2301	26-27	0.6820224486635809
2301	28-29	0.6018005096958419
2301	30-31	0.7754429730071806
2301	32-33	4.798017894158782
2301	34-35	1.8412215044035278
2301	36-37	0.9782134934524578
2301	38-39	0.8355901256893787
2301	40-41	0.8130653509923818
2301	42-43	0.7319521509076381
2301	44-45	0.697696049240399
2301	46-47	0.7204250608539269
2301	48-49	0.6556705069181064
2301	50-51	-0.941965817587274
2301	52-53	0.3072653695284018
2301	54-55	0.575330142731481
2301	56-57	0.5988417724332606
2301	58-59	0.6447116155218566
2301	60-61	0.6477557246136811
2301	62-63	0.6591023307488442
2301	64-65	0.7932500950575871
2301	66-67	0.9000990888344731
2301	68-69	0.8312483674483389
2301	70-71	0.6845375165649372
2301	72-73	0.7976157291973394
2301	74-75	0.8726927633587422
2301	76-77	0.9860841315814923
2301	78-79	0.8107302642194014
2301	80-81	0.5938965503241533
2301	82-83	0.6135596887025727
2301	84-85	0.6647683187553888
2301	86-87	0.6561708522917584
2301	88-89	0.5912593658300018
2301	90-91	0.5795565976338324
2301	92-93	0.6244734921994315
2301	94-95	0.6140431063753624
2301	96-97	0.6030765291298472
2301	98-99	0.6442553571946235
2301	100-101	0.8272369131477468
2302	1	0.3503381038036437
2302	2	-0.7343807285273165
2302	3	-0.07830145844247838
2302	4	0.2068080942406212
2302	5	0.26990432338003245
2302	6	0.2991325550116173
2302	7	0.45211317396488226
2302	8	0.36254616584999866
2302	9	0.48279935681001973
2302	10-11	0.4696784312034623
2302	12-13	0.479204098394284
2302	14-15	0.580227559872462
2302	16-17	0.5056312037778312
2302	18-19	0.6658898482151727
2302	20-21	0.6242286860137582
2302	22-23	0.6056716421390576
2302	24-25	0.6367479888066256
2302	26-27	0.6572326054840403
2302	28-29	0.6281198304903981
2302	30-31	0.7038622812111086
2302	32-33	4.797378853052642
2302	34-35	1.849835837403326
2302	36-37	0.978513256701909
2302	38-39	0.7984694024525751
2302	40-41	0.8329538164156389
2302	42-43	-0.39022052773820803
2302	44-45	0.46318582233692496
2302	46-47	0.6408075278674872
2302	48-49	0.6533664582195726
2302	50-51	0.5889615840497129
2302	52-53	0.5691683919615613
2302	54-55	0.6368124762046605
2302	56-57	0.6808616411891393
2302	58-59	0.7045727364102987
2302	60-61	0.8478267118912513
2302	62-63	0.869154762148348
2302	64-65	0.921821657927012
2302	66-67	0.9603330261616563
2302	68-69	0.9637556688999638
2302	70-71	0.8804087131363971
2302	72-73	0.9231931670041078
2302	74-75	0.9082738063801656
2302	76-77	1.051681777615272
2302	78-79	0.9000869740445978
2302	80-81	0.9184431834435358
2302	82-83	0.9004369594719464
2302	84-85	0.9072138387545294
2302	86-87	0.9767518965200068
2302	88-89	0.9915490889400438
2302	90-91	0.9339648760508048
2302	92-93	0.9606835657136514
2302	94-95	1.001084676442268
2302	96-97	1.0477836827173057
2302	98-99	1.075148394025586
2302	100-101	1.2117662480088498
2303	1	0.3698294134869897
2303	2	0.43187137348799
2303	3	0.3394887116142087
2303	4	0.3909799514253294
2303	5	0.3194780850478196
2303	6	0.2855111706657496
2303	7	0.4224352752051672
2303	8	0.27668668287121534
2303	9	0.3455671977562602
2303	10-11	0.3208549097045079
2303	12-13	0.29434249133984025
2303	14-15	0.3595437784899431
2303	16-17	0.42773127754250595
2303	18-19	0.4970708297185382
2303	20-21	0.4711700803666403
2303	22-23	0.4884057893116065
2303	24-25	0.48732183700189324
2303	26-27	0.49501546522147066
2303	28-29	0.5073550955210777
2303	30-31	0.5898706025264815
2303	32-33	4.6594660895047895
2303	34-35	1.6981944262798407
2303	36-37	0.9085333251442904
2303	38-39	0.7198650110697855
2303	40-41	0.7020008265277298
2303	42-43	0.6895479457912757
2303	44-45	0.48632362676033125
2303	46-47	0.5407555504704291
2303	48-49	0.5083619485255113
2303	50-51	0.5228606346769453
2303	52-53	0.555346781645234
2303	54-55	0.5982051550077685
2303	56-57	0.6739562172038802
2303	58-59	0.7038949632483451
2303	60-61	0.7014757763545276
2303	62-63	0.7726397899463535
2303	64-65	0.540255206298653
2303	66-67	0.7872767645434635
2303	68-69	0.7814323819398581
2303	70-71	0.7956304439765418
2303	72-73	0.7879013801821984
2303	74-75	0.6829998386740641
2303	76-77	0.8460398452833715
2303	78-79	0.8513187766854742
2303	80-81	0.7392155580503115
2303	82-83	0.6956457752341194
2303	84-85	0.7489159856140688
2303	86-87	0.8374793368096789
2303	88-89	0.7488929488813376
2303	90-91	0.6719617599793786
2303	92-93	0.6671750551241438
2303	94-95	0.8075179028532631
2303	96-97	0.9527305274571454
2303	98-99	0.9972887302575302
2303	100-101	1.0107793555718025
2304	1	0.12670285241370038
2304	2	0.2536505969213998
2304	3	0.20282750722400067
2304	4	0.2962119364949629
2304	5	0.20946812496537603
2304	6	0.18793013672326708
2304	7	0.39369165133615525
2304	8	0.2159953472323295
2304	9	0.26160077058480624
2304	10-11	-1.061717157469829
2304	12-13	0.023125830028639882
2304	14-15	0.21249809109023232
2304	16-17	0.25656718248981747
2304	18-19	0.40817555488656865
2304	20-21	0.4189216519551806
2304	22-23	0.3574686850951565
2304	24-25	0.3851527255917446
2304	26-27	0.4664393715751487
2304	28-29	0.36327885298634754
2304	30-31	0.38561135287375947
2304	32-33	4.469318372500965
2304	34-35	1.5262586883325042
2304	36-37	0.7200215811905792
2304	38-39	0.5537411331323199
2304	40-41	-1.3663983553487284
2304	42-43	-0.7380590095135631
2304	44-45	0.1281133236191394
2304	46-47	0.3924091110963772
2304	48-49	0.38943084371211256
2304	50-51	0.3791359459176604
2304	52-53	0.4782357201045073
2304	54-55	0.4139745096702896
2304	56-57	0.4580660958590954
2304	58-59	0.5003512618292945
2304	60-61	0.46254894586368067
2304	62-63	0.5129278933577837
2304	64-65	0.6044988335843726
2304	66-67	0.629962798163163
2304	68-69	0.4533736067615095
2304	70-71	0.5431577947075468
2304	72-73	0.5464285639442821
2304	74-75	0.6259744365060769
2304	76-77	0.7011519269048421
2304	78-79	0.5357320934311218
2304	80-81	0.6822894273734477
2304	82-83	0.7236275015887728
2304	84-85	0.7556323903060118
2304	86-87	0.7844879744189583
2304	88-89	0.7313752483913127
2304	90-91	0.6071143153708007
2304	92-93	0.7190789450149317
2304	94-95	0.6772151292009099
2304	96-97	0.7477485544631364
2304	98-99	0.8228179901561816
2304	100-101	0.8880042082522799
2305	1	0.1504160461575701
2305	2	0.21627588980350154
2305	3	0.13559385607565133
2305	4	0.24222638956059228
2305	5	0.12967543656485958
2305	6	0.10714973371626257
2305	7	0.30546803019589674
2305	8	0.15789915411881594
2305	9	0.1555643411131271
2305	10-11	0.16927701352381064
2305	12-13	0.10875998049207425
2305	14-15	0.12017367648553545
2305	16-17	0.09384291242123055
2305	18-19	0.23111221837486084
2305	20-21	0.17601295294155506
2305	22-23	0.18821170402650722
2305	24-25	0.2051058426337775
2305	26-27	0.2996488097728047
2305	28-29	0.25450690345770255
2305	30-31	0.3047109868745892
2305	32-33	4.353166840653273
2305	34-35	1.4170615374014304
2305	36-37	0.5709753187505981
2305	38-39	0.3939088517078986
2305	40-41	0.39865746576773375
2305	42-43	0.4024038047221907
2305	44-45	0.34320778665009044
2305	46-47	0.3499626634771076
2305	48-49	0.335635162180246
2305	50-51	0.23735963750960565
2305	52-53	0.24900105378289084
2305	54-55	0.22221765375052627
2305	56-57	0.22321206629476364
2305	58-59	0.2048679643021316
2305	60-61	0.23763126729808448
2305	62-63	0.4167184996018207
2305	64-65	0.46888603917253846
2305	66-67	0.5131503770842158
2305	68-69	0.3894968091068378
2305	70-71	0.4122409143721981
2305	72-73	0.4588815763577969
2305	74-75	0.3329915955935121
2305	76-77	0.45760634787365007
2305	78-79	0.43594950162547264
2305	80-81	0.4962841717519879
2305	82-83	0.5166267000360563
2305	84-85	0.5397183311555231
2305	86-87	0.5008748942634398
2305	88-89	0.38145296429179254
2305	90-91	0.2490129845504221
2305	92-93	0.31238366427300335
2305	94-95	0.32928914214335947
2305	96-97	0.3599618759742036
2305	98-99	0.428693905449574
2305	100-101	0.44362885276528985
2306	1	-0.16525061000221086
2306	2	-0.2828617537976328
2306	3	-0.24136144972731088
2306	4	-2.0241904429401316
2306	5	-0.6667926163212883
2306	6	-0.3659486126073759
2306	7	-0.03232238943331822
2306	8	-0.05586835508714927
2306	9	-0.07360078574125595
2306	10-11	-0.030157538934787453
2306	12-13	-0.007881449042862698
2306	14-15	-0.020148564970575933
2306	16-17	-0.0361632770991136
2306	18-19	-1.757698503726587
2306	20-21	-0.9784691718599419
2306	22-23	-0.4060235470743834
2306	24-25	-0.08007471873899163
2306	26-27	-0.02032090924863894
2306	28-29	-0.044351751582659915
2306	30-31	3.5711672698823804E-4
2306	32-33	4.109034018617265
2306	34-35	1.139752238691905
2306	36-37	0.3233802567142803
2306	38-39	0.06447765078779355
2306	40-41	0.06261131398418485
2306	42-43	0.013827585301200429
2306	44-45	-0.018766872252378164
2306	46-47	0.023171475648744888
2306	48-49	-0.03067170130488961
2306	50-51	-0.09785151578277151
2306	52-53	-0.018630680167021296
2306	54-55	-0.12670710627238435
2306	56-57	-0.10579058109274797
2306	58-59	-0.09914139245119458
2306	60-61	-0.04952192602917904
2306	62-63	-0.06654931562290045
2306	64-65	-0.05710662739183192
2306	66-67	-0.07054280195557538
2306	68-69	-0.09160848300177094
2306	70-71	-0.11598982743082331
2306	72-73	-0.10470134763551187
2306	74-75	-0.19712402278739916
2306	76-77	-0.10696441161606174
2306	78-79	-0.22045990759832534
2306	80-81	-0.26103594423262066
2306	82-83	-0.17747700119332066
2306	84-85	-0.21293071503829708
2306	86-87	-0.2088864377396149
2306	88-89	-0.3421986056441142
2306	90-91	-0.4147081161322532
2306	92-93	-0.36723238846724726
2306	94-95	-0.44172347645334753
2306	96-97	-0.4554730847158446
2306	98-99	-0.47537464392634377
2306	100-101	-0.6573791891196414
2307	1	-0.3759685889569866
2307	2	-0.17937939489239696
2307	3	-0.3844208581398618
2307	4	-0.8677808410604229
2307	5	-0.4818205745008797
2307	6	-0.30953808209316236
2307	7	-0.08937721444063129
2307	8	-0.19714949195269327
2307	9	-0.2404009538325198
2307	10-11	-0.07253759631419143
2307	12-13	-0.16957071898484344
2307	14-15	-0.22314055412866196
2307	16-17	-0.22793662531084635
2307	18-19	-0.09446369868743432
2307	20-21	-0.20575092717110266
2307	22-23	-0.21075722325846868
2307	24-25	-0.3180973203176123
2307	26-27	-0.4284328576076035
2307	28-29	-0.48366939553064725
2307	30-31	-0.568936393833134
2307	32-33	3.376654152007063
2307	34-35	0.4233014896162288
2307	36-37	-0.5130468643820265
2307	38-39	-0.4722473958163249
2307	40-41	-0.5131214322808333
2307	42-43	-0.44073860658215835
2307	44-45	-0.5276448010546844
2307	46-47	-0.8225774097459464
2307	48-49	-0.6910490053600498
2307	50-51	-0.544292298823315
2307	52-53	-0.5393716233864367
2307	54-55	-0.6470596260064738
2307	56-57	-0.8830522612801417
2307	58-59	-1.0148263868545442
2307	60-61	-0.8510309336276336
2307	62-63	-0.8242396391149853
2307	64-65	-1.0974653714229419
2307	66-67	-1.2704206540084542
2307	68-69	-1.4718139134969803
2307	70-71	-1.5060505882928936
2307	72-73	-1.5646961872100675
2307	74-75	-1.6812975094191245
2307	76-77	-1.5761981397460616
2307	78-79	-1.6690409363114043
2307	80-81	-1.5652569730411798
2307	82-83	-1.6089653412448115
2307	84-85	-1.4696037257084313
2307	86-87	-1.6000960739587988
2307	88-89	-1.6768576543348814
2307	90-91	-1.6817356099288752
2307	92-93	-1.6881519704894892
2307	94-95	-1.8432944777420417
2307	96-97	-1.7937832263266387
2307	98-99	-1.741113521511135
2307	100-101	-1.9461687191532953
2308	1	-1.355213502762382
2308	2	-0.7809149002380451
2308	3	-0.4985410377214734
2308	4	-0.24260708294916355
2308	5	-0.2297188673197681
2308	6	-0.28846475404621685
2308	7	-0.17573916969499237
2308	8	-0.24998006360583958
2308	9	-0.3314211990207028
2308	10-11	-0.34689834447612355
2308	12-13	-0.3383950438854484
2308	14-15	-0.4249616687604387
2308	16-17	-0.5141702407185704
2308	18-19	-0.34454702696001505
2308	20-21	-0.4171518510892511
2308	22-23	-0.4716814799878506
2308	24-25	-0.4194240552762025
2308	26-27	-0.42385868998663767
2308	28-29	-0.5453570602562792
2308	30-31	-0.7065252114510869
2308	32-33	3.4442682100371513
2308	34-35	0.48826173339629975
2308	36-37	-0.9340876283273758
2308	38-39	-1.0211329610691848
2308	40-41	-0.6945409509821374
2308	42-43	-0.615661072192836
2308	44-45	-0.5056092664735345
2308	46-47	-0.5346254795464773
2308	48-49	-0.531446091423021
2308	50-51	-0.6020576173403427
2308	52-53	-0.6789073565546815
2308	54-55	-0.8671799040622048
2308	56-57	-0.8713237507738611
2308	58-59	-0.7838630845707044
2308	60-61	-0.9291322213148376
2308	62-63	-0.9248596685550083
2308	64-65	-0.9370399002312269
2308	66-67	-0.8693225658492736
2308	68-69	-0.8784022480475571
2308	70-71	-0.9014574481056385
2308	72-73	-0.8553624667094653
2308	74-75	-0.9619314406751442
2308	76-77	-0.849165634367715
2308	78-79	-0.908334303050168
2308	80-81	-0.9147882816629362
2308	82-83	-0.9106506350982642
2308	84-85	-0.9429938348730929
2308	86-87	-0.9483234642138179
2308	88-89	-1.0460430740107718
2308	90-91	-1.186956900636737
2308	92-93	-1.2665399780552882
2308	94-95	-1.3428480251719073
2308	96-97	-1.4981436904498153
2308	98-99	-1.696072070576033
2308	100-101	-2.0966754525774896
>>END_MODULE
>>Per sequence quality scores	pass
#Quality	Count
2	9074.0
3	2870.0
4	4876.0
5	10104.0
6	18465.0
7	43837.0
8	91783.0
9	141884.0
10	182737.0
11	226215.0
12	292033.0
13	372759.0
14	473796.0
15	586979.0
16	706596.0
17	835727.0
18	952385.0
19	984539.0
20	1017813.0
21	1134099.0
22	1291501.0
23	1514561.0
24	1831695.0
25	2265871.0
26	2843775.0
27	3570262.0
28	4452766.0
29	5482855.0
30	6686778.0
31	8100812.0
32	9864859.0
33	1.2188968E7
34	1.5479646E7
35	2.0481262E7
36	2.8658914E7
37	3.956039E7
38	3.8182284E7
39	1.0601396E7
40	55177.0
>>END_MODULE
>>Per base sequence content	pass
#Base	G	A	T	C
1	19.404652153315624	34.28113154718083	29.279120042890995	17.035096256612558
2	18.596671346742095	34.09624703853988	31.10720942822523	16.199872186492797
3	17.866886542686935	32.25246916924206	32.32549284436925	17.555151443701746
4	19.076929705570855	31.69425717553252	31.697491127936633	17.531321990959988
5	18.7653306185821	32.228635118932715	31.12202342269042	17.88401083979477
6	18.57821481710268	32.34811359445988	30.358743093113404	18.714928495324042
7	18.880327758901828	32.02222150613501	31.059246957990112	18.038203776973045
8	17.802223705590336	32.26597811567098	31.283760498263163	18.648037680475515
9	17.930228978862992	31.791636700695168	31.638767581502712	18.639366738939124
10-11	18.044042193831388	32.12617191430756	31.573043591542977	18.25674230031808
12-13	17.826294638200963	31.999510365690075	31.885556284688597	18.28863871142036
14-15	17.877385763834095	31.88834010273104	31.863658717419586	18.370615416015283
16-17	17.978327919022373	31.84238302936669	31.76059004671749	18.418699004893448
18-19	18.21921614998445	31.700034705328594	31.572011197006173	18.508737947680782
20-21	18.08509899804247	31.71691468215655	31.607264803139984	18.590721516660995
22-23	18.125691184726907	31.750397396076195	31.536447416837404	18.58746400235949
24-25	18.197304458056433	31.74734557058944	31.439745519673995	18.615604451680134
26-27	18.2069594777747	31.744348626145946	31.429342026720665	18.619349869358683
28-29	18.245940551088943	31.76113748436324	31.375049959727857	18.617872004819958
30-31	18.248865939598574	31.742673645666823	31.35329181086826	18.655168603866336
32-33	21.055328242171136	30.938276054676052	30.038078986379073	17.96831671677374
34-35	18.24623979736168	31.79391297124604	31.33021372301792	18.629633508374358
36-37	18.28500277521065	31.780386861313044	31.28914553010253	18.645464833373776
38-39	18.25656704619834	31.776656392841833	31.31017043921241	18.656606121747416
40-41	18.391415264164944	31.76316160387429	31.247303357291422	18.598119774669346
42-43	18.30053730044905	31.75818065219737	31.281893374552457	18.65938867280112
44-45	18.233637556232484	31.790173400752657	31.326800140954987	18.649388902059872
46-47	18.23248538487822	31.800109231637673	31.326999017161206	18.6404063663229
48-49	18.218086395908465	31.804545530957483	31.318634357373217	18.658733715760835
50-51	18.252947262575507	31.794410472864403	31.312454736690103	18.640187527869983
52-53	18.19300427862912	31.831448647584487	31.34570805048161	18.629839023304783
54-55	18.187419790913594	31.82636282959975	31.338852609666546	18.64736476982011
56-57	18.17777345016407	31.825507335200648	31.348903516677286	18.64781569795799
58-59	18.17547480062058	31.84742678340132	31.34808239273392	18.629016023244173
60-61	18.16832988351228	31.855260271658274	31.32973188878373	18.646677956045714
62-63	18.160995114950808	31.86564806300658	31.341001272986563	18.632355549056044
64-65	18.158175852458488	31.88128619197571	31.34534693617148	18.61519101939432
66-67	18.143964872812457	31.86623363880478	31.34523773058629	18.644563757796476
68-69	18.14356504797775	31.867475722773968	31.355454825957775	18.63350440329051
70-71	18.138620847265898	31.892681846889804	31.36162817187301	18.607069133971283
72-73	18.133909700027186	31.892816505224133	31.35083271285348	18.622441081895197
74-75	18.12435864552966	31.903238339369373	31.36118972292237	18.6112132921786
76-77	18.093915386708925	31.92811492209291	31.378301442263627	18.599668248934535
78-79	18.093390934651403	31.91720822062966	31.373960415558255	18.61544042916068
80-81	18.076778678742752	31.922812641245287	31.392052243424185	18.608356436587776
82-83	18.081852710803073	31.940579197286397	31.387211313701574	18.59035677820896
84-85	18.08545579577098	31.932376640494564	31.375836086113818	18.606331477620643
86-87	18.064279479290363	31.948632983056275	31.38668422513034	18.600403312523024
88-89	18.074050559512344	31.959734681248747	31.392260464298754	18.573954294940155
90-91	18.065960478942735	31.954106680746158	31.38601300443086	18.59391983588025
92-93	18.064171005177222	31.957205403100836	31.394242690020548	18.584380901701397
94-95	18.057385376787398	31.989023682644056	31.38093457406083	18.57265636650771
96-97	18.04822568842736	31.971883875033942	31.380609556040913	18.599280880497783
98-99	18.05228618800153	31.98129637256997	31.392865140160996	18.573552299267497
100-101	18.10881133673292	31.97816741173756	31.332645340034038	18.580375911495484
>>END_MODULE
>>Per sequence GC content	pass
#GC Content	Count
0	2671.0
1	2305.0
2	2095.0
3	2621.5
4	3510.5
5	4709.0
6	6545.5
7	9714.5
8	15340.5
9	24802.0
10	40857.0
11	67054.5
12	109359.0
13	176449.5
14	278741.0
15	430820.5
16	627319.5
17	848302.0
18	1097947.5
19	1385784.5
20	1707619.0
21	2060500.0
22	2444713.0
23	2864426.5
24	3334908.0
25	3862415.0
26	4462436.5
27	5142278.5
28	5890664.0
29	6679971.0
30	7473966.5
31	8246411.0
32	8975308.0
33	9600900.5
34	1.00545955E7
35	1.0344575E7
36	1.04718045E7
37	1.04091285E7
38	1.01869645E7
39	9817880.5
40	9306634.0
41	8691395.0
42	7999576.0
43	7264087.0
44	6526007.0
45	5799483.0
46	5097338.5
47	4456032.5
48	3859320.5
49	3302134.0
50	2803259.0
51	2364616.0
52	1990954.0
53	1681396.0
54	1421781.0
55	1199252.5
56	1015320.0
57	865066.0
58	744228.5
59	647279.5
60	566662.5
61	500001.5
62	445019.5
63	397602.5
64	356838.0
65	323730.0
66	296188.5
67	271947.5
68	248263.0
69	226379.5
70	206797.5
71	186853.0
72	165742.5
73	145596.0
74	127367.0
75	110837.5
76	94955.5
77	79128.0
78	63425.5
79	49373.0
80	37779.5
81	28468.0
82	21223.0
83	15298.5
84	10768.5
85	7557.0
86	5241.5
87	3608.5
88	2447.0
89	1654.0
90	1112.0
91	761.5
92	532.0
93	363.0
94	240.5
95	163.5
96	89.5
97	38.5
98	15.0
99	14.0
100	14.5
>>END_MODULE
>>Per base N content	pass
#Base	N-Count
1	0.01673490411446501
2	0.005826339732757713
3	4.972822552788241E-5
4	0.008086713620388732
5	0.0
6	0.0012762070969564731
7	1.0623757271865786E-4
8	1.7630916323521945E-5
9	2.169958932125778E-5
10-11	2.531618754146741E-5
12-13	2.3688718342373074E-4
14-15	5.542436772471257E-4
16-17	2.73053165625827E-4
18-19	0.0
20-21	0.003340154493752356
22-23	7.753082434574394E-5
24-25	1.4986278874993652E-4
26-27	5.709704440155953E-4
28-29	1.9326196739245208E-4
30-31	7.246758683745045E-4
32-33	2.2296974494524227
34-35	6.923525217813809E-4
36-37	0.0013191542008214624
38-39	3.480975786951768E-5
40-41	0.0011417148506424274
42-43	0.0015298210471486734
44-45	0.0031227065257622517
46-47	0.0070116797994314185
48-49	0.09558578681058545
50-51	0.21948094826463932
52-53	0.1884726871993395
54-55	0.19427484093149952
56-57	0.21942556910439234
58-59	0.21139536483119442
60-61	0.20117282392438313
62-63	0.19908921127476487
64-65	0.19786341051550252
66-67	0.19325315193429032
68-69	0.2106406259901144
70-71	0.19900105669314722
72-73	0.20000714911053177
74-75	0.1956373943109635
76-77	0.20019724655448157
78-79	0.17308089724890482
80-81	0.19466181694106197
82-83	0.19277802134311026
84-85	0.19334605330107194
86-87	0.19052578480147472
88-89	0.20639157515614562
90-91	0.19830893020875462
92-93	0.2154292280710607
94-95	0.20424806259850514
96-97	0.19237883931455463
98-99	0.20617887397331955
100-101	0.2015496282514512
>>END_MODULE
>>Sequence Length Distribution	pass
#Length	Count
101	2.21202343E8
>>END_MODULE
>>Sequence Duplication Levels	warn
#Total Deduplicated Percentage	66.55252480476086
#Duplication Level	Percentage of deduplicated	Percentage of total
1	74.47137940776479	49.56258325280024
2	17.873546868335364	23.790593426078907
3	4.873137451533339	9.729588033605452
4	1.4166278732577904	3.7712064669641894
5	0.4688620665687035	1.5601977157662543
6	0.2225671283697688	0.888744259893206
7	0.1165495516386369	0.5429666848489898
8	0.07495317333834912	0.39906583422368175
9	0.05595098085022758	0.33513111367969245
>10	0.3406735910983596	5.000573478972998
>50	0.07431755004077364	3.3481701718925962
>100	0.011386839245690167	1.0401991071553187
>500	3.5423959812983286E-5	0.015030349900230913
>1k	1.1361518755543084E-5	0.013124162079221284
>5k	7.324794233631655E-7	0.0028259421389067612
>10k+	0.0	0.0
>>END_MODULE
>>Overrepresented sequences	pass
>>END_MODULE
>>Adapter Content	pass
#Position	Illumina Universal Adapter	Illumina Small RNA 3' Adapter	Illumina Small RNA 5' Adapter	Nextera Transposase Sequence	SOLID Small RNA Adapter
1	5.596685745774401E-4	9.041495550524073E-7	0.0	2.2603738876310186E-6	4.5207477752620367E-7
2	6.772080167342531E-4	3.1645234426834256E-6	9.041495550524073E-7	4.972822552788241E-6	4.5207477752620367E-7
3	8.648190494076277E-4	6.781121662893055E-6	2.2603738876310186E-6	6.781121662893055E-6	4.5207477752620367E-7
4	0.0010049622304407508	8.58942077299787E-6	3.1645234426834256E-6	9.041495550524074E-6	4.5207477752620367E-7
5	0.0012129166281028044	1.084979466062889E-5	5.424897330314445E-6	1.2658093770733703E-5	9.041495550524073E-7
6	0.0014122816049918603	1.4014318103312314E-5	6.781121662893055E-6	1.7630916323521945E-5	1.8082991101048147E-6
7	0.0016279212738718595	1.4918467658364721E-5	7.685271217945463E-6	1.943921543362676E-5	5.424897330314445E-6
8	0.001833163222868756	1.6726766768469538E-5	7.685271217945463E-6	2.7576561429098424E-5	5.424897330314445E-6
9	0.002075023228845275	1.8535065878574353E-5	7.685271217945463E-6	3.074108487178185E-5	5.876972107840648E-6
10-11	0.002431936265702213	2.056940237744227E-5	7.911308606708565E-6	3.413164570322838E-5	7.911308606708565E-6
12-13	0.0029622199797404497	2.1247514543731575E-5	9.71960771681338E-6	4.317314125375246E-5	9.493570328050278E-6
14-15	0.0034999629276078687	2.576826231899361E-5	1.0171682494339584E-5	5.085841247169792E-5	1.0397719883102686E-5
16-17	0.004015780248765267	2.8028636206624627E-5	1.0397719883102686E-5	5.718745935706476E-5	1.1753944215681297E-5
18-19	0.004517809289208117	3.074108487178185E-5	1.1301869438155093E-5	6.374254363119472E-5	1.3336205937023008E-5
20-21	0.004997912702940945	3.277542137064977E-5	1.3110168548259906E-5	6.894140357274607E-5	1.4918467658364723E-5
22-23	0.005431904489366101	3.66180569796225E-5	1.3336205937023008E-5	7.34621513480081E-5	1.717884154599574E-5
24-25	0.005840354050861025	3.978258042230593E-5	1.5596579824654027E-5	7.730478695698083E-5	1.808299110104815E-5
26-27	0.006201561798104462	4.249502908746315E-5	1.785695371228505E-5	8.137345995471666E-5	2.169958932125778E-5
28-29	0.006536775245640142	4.633766469643587E-5	2.0343364988679167E-5	8.838061900637282E-5	2.3507888431362594E-5
30-31	0.006847124580411881	6.261235668737921E-5	2.2377701487547086E-5	9.74221145568969E-5	2.554222493023051E-5
32-33	0.00717646105583972	6.916744096150917E-5	2.48641127639412E-5	1.0284701188721133E-4	2.6220337096519812E-5
34-35	0.0075442238873572876	7.459233829182361E-5	2.554222493023051E-5	1.0804587182876268E-4	2.6672411874046016E-5
36-37	0.007884636194834519	8.046931039966426E-5	2.599429970775671E-5	1.1279265699278782E-4	2.8028636206624627E-5
38-39	0.008272516353952	8.453798339740009E-5	2.6672411874046016E-5	1.1912170387815468E-4	2.9836935316729442E-5
40-41	0.00868413043888961	8.951080595018833E-5	2.7802598817861524E-5	1.2884131159496807E-4	3.187127181559736E-5
42-43	0.00911337544015074	9.312740417039797E-5	2.870674837291393E-5	1.3426620892528247E-4	3.3453533536939075E-5
44-45	0.009586471694831912	9.629192761308138E-5	3.0062972705492546E-5	1.4149940536570176E-4	3.390560831446528E-5
46-47	0.010094829782160128	9.90043762782386E-5	3.1419197038071154E-5	1.446639288083852E-4	3.61659822020963E-5
48-49	0.010657888917569015	1.0216889972092203E-4	3.254938398188667E-5	1.482805270285948E-4	3.66180569796225E-5
50-51	0.01128785512005178	1.0668964749618406E-4	3.3679570925702176E-5	1.5438353652519858E-4	3.842635608972731E-5
52-53	0.011973426520170267	1.096281335501044E-4	3.66180569796225E-5	1.613906955768547E-4	3.955654303354283E-5
54-55	0.012756646072234416	1.1347076915907712E-4	3.7522206534674906E-5	1.6952804157232637E-4	4.046069258859523E-5
56-57	0.013634575290190304	1.1731340476804985E-4	3.955654303354283E-5	1.7450086412511463E-4	4.159087953241074E-5
58-59	0.014574664790056044	1.2160811515454878E-4	4.000861781106903E-5	1.7834349973408736E-4	4.249502908746315E-5
60-61	0.015608333768869708	1.236424516534167E-4	4.0686729977358335E-5	1.839944344531649E-4	4.317314125375246E-5
62-63	0.016763158788060395	1.2590282554104774E-4	4.181691692117384E-5	1.8941933178347935E-4	4.498144036385727E-5
64-65	0.01805496246484152	1.2884131159496804E-4	4.317314125375246E-5	1.9394007955874138E-4	4.656370208519898E-5
66-67	0.01948668328526701	1.3132772287136217E-4	4.498144036385727E-5	2.0094723861039754E-4	4.791992641777759E-5
68-69	0.021022381304523524	1.351703584803349E-4	4.543351514138347E-5	2.070502481070013E-4	4.92761507503562E-5
70-71	0.022742751870399494	1.3856091931178143E-4	4.565955253014657E-5	2.1337929499236813E-4	5.018030030540861E-5
72-73	0.024681926628598142	1.4082129319941246E-4	4.565955253014657E-5	2.1993437926649812E-4	5.108444986046102E-5
74-75	0.026919696777352852	1.4217751753199106E-4	4.701577686272519E-5	2.2784568787320665E-4	5.311878635932893E-5
76-77	0.02938214809053808	1.457941157522007E-4	4.8824075972829995E-5	2.334966225922842E-4	5.515312285819685E-5
78-79	0.032239938796669976	1.5121901308251512E-4	4.90501133615931E-5	2.4140793119899277E-4	5.718745935706476E-5
80-81	0.035490356447083385	1.5528768608025098E-4	4.97282255278824E-5	2.479630154731227E-4	5.741349674582787E-5
82-83	0.03919510924891062	1.586782469116975E-4	5.063237508293481E-5	2.5474413713601576E-4	5.786557152335407E-5
84-85	0.043531184477553206	1.613906955768547E-4	5.176256202675032E-5	2.601690344663302E-4	5.899575846716958E-5
86-87	0.048544015648152514	1.6410314424201194E-4	5.2214636804276525E-5	2.7192297868201153E-4	6.012594541098509E-5
88-89	0.05435611502541815	1.6771974246222157E-4	5.266671158180273E-5	2.7779995078985214E-4	6.238631929861611E-5
90	0.059298196493334614	1.704321911273788E-4	5.334482374809203E-5	2.811905116212987E-4	6.329046885366852E-5
>>END_MODULE
